1.000000000000000000e+00
3.346629898031095451e-01
4.977618161995769896e-01
4.881677675880842227e-01
4.977618161996921753e-01
3.346629898031863726e-01
1.000000000000015099e+00
3.346629898046170060e-01
1.119993167439947007e-01
1.665824576186773209e-01
1.633716846257146638e-01
1.665824576177867555e-01
1.119993167424709474e-01
3.346629898022190908e-01
4.977618161975170819e-01
1.665824576196510975e-01
2.477668256671669844e-01
2.429912746050989225e-01
2.477668256670975677e-01
1.665824576205848784e-01
4.977618162010044034e-01
4.881677675900253921e-01
1.633716846252915023e-01
2.429912746036168025e-01
2.383077693126838259e-01
2.429912746058041084e-01
1.633716846262836808e-01
4.881677675863651533e-01
4.977618161981622324e-01
1.665824576208602414e-01
2.477668256673656866e-01
2.429912746029329607e-01
2.477668256636116617e-01
1.665824576181886285e-01
4.977618162010913894e-01
3.346629898038692708e-01
1.119993167426010933e-01
1.665824576184719574e-01
1.633716846281698665e-01
1.665824576217682373e-01
1.119993167452165289e-01
3.346629898021487026e-01
1.000000000000035749e+00
3.346629898032018047e-01
4.977618161996164026e-01
4.881677675879600442e-01
4.977618161994662449e-01
3.346629898030393235e-01
1.000000000000036193e+00
