1.000000000000000000e+00
3.346645031900901124e-01
4.977351255578140177e-01
4.886475112379072838e-01
4.891539466274740788e-01
4.891257239354391273e-01
4.891272970034694079e-01
4.891272044699959687e-01
4.891272970035094869e-01
4.891257239354871444e-01
4.891539466274799630e-01
4.886475112378541041e-01
4.977351255577689981e-01
3.346645031900882805e-01
1.000000000000008660e+00
3.346645031907001799e-01
1.120003296951211647e-01
1.665742785145753468e-01
1.635329765836480154e-01
1.637024625315849358e-01
1.636930173978111136e-01
1.636935438484384830e-01
1.636935128813474805e-01
1.636935438478593907e-01
1.636930173970355118e-01
1.637024625315611215e-01
1.635329765843045735e-01
1.665742785149164074e-01
1.120003296952449406e-01
3.346645031913406121e-01
4.977351255575682143e-01
1.665742785152484196e-01
2.477402552143291026e-01
2.432170303593424177e-01
2.434691010415404033e-01
2.434550536167930657e-01
2.434558365876011155e-01
2.434557905299494784e-01
2.434558365880533648e-01
2.434550536175654756e-01
2.434691010414832268e-01
2.432170303587623539e-01
2.477402552143513348e-01
1.665742785153100369e-01
4.977351255566282995e-01
4.886475112372696272e-01
1.635329765836495419e-01
2.432170303595695138e-01
2.387763902389239690e-01
2.390238586318694791e-01
2.390100676837200178e-01
2.390108363593539675e-01
2.390107911431997301e-01
2.390108363593576035e-01
2.390100676833828153e-01
2.390238586320767300e-01
2.387763902391391302e-01
2.432170303589809013e-01
1.635329765832959359e-01
4.886475112380913588e-01
4.891539466284854365e-01
1.637024625309851100e-01
2.434691010412988466e-01
2.390238586320622693e-01
2.392715835012161618e-01
2.392577782593957592e-01
2.392585477325174237e-01
2.392585024698215546e-01
2.392585477322188847e-01
2.392577782593498514e-01
2.392715835008631942e-01
2.390238586319980707e-01
2.434691010420876600e-01
1.637024625314625892e-01
4.891539466280708792e-01
4.891257239350218500e-01
1.636930173988213888e-01
2.434550536168303969e-01
2.390100676830412829e-01
2.392577782597913039e-01
2.392439738156938445e-01
2.392447432431692722e-01
2.392446979822283604e-01
2.392447432433861543e-01
2.392439738157923212e-01
2.392577782602450798e-01
2.390100676832430660e-01
2.434550536162659873e-01
1.636930173984719461e-01
4.891257239351405328e-01
4.891272970027830125e-01
1.636935438482234051e-01
2.434558365877686481e-01
2.390108363594911911e-01
2.392585477327336951e-01
2.392447432434484378e-01
2.392455126740786753e-01
2.392454674136157422e-01
2.392455126740981597e-01
2.392447432434390842e-01
2.392585477322333176e-01
2.390108363592078344e-01
2.434558365881139552e-01
1.636935438483812233e-01
4.891272970027412126e-01
4.891272044712405842e-01
1.636935128804184181e-01
2.434557905302663916e-01
2.390107911430311705e-01
2.392585024692668039e-01
2.392446979826903797e-01
2.392454674133255299e-01
2.392454221527983704e-01
2.392454674130859993e-01
2.392446979826595987e-01
2.392585024697264917e-01
2.390107911431378351e-01
2.434557905299271074e-01
1.636935128803760908e-01
4.891272044713503853e-01
4.891272970028239797e-01
1.636935438486846472e-01
2.434558365880997721e-01
2.390108363592744201e-01
2.392585477323291021e-01
2.392447432430969689e-01
2.392455126735827664e-01
2.392454674131992698e-01
2.392455126741156179e-01
2.392447432432129317e-01
2.392585477320381404e-01
2.390108363593921870e-01
2.434558365883968956e-01
1.636935438485856709e-01
4.891272970024858613e-01
4.891257239350677577e-01
1.636930173982024950e-01
2.434550536164127865e-01
2.390100676832614679e-01
2.392577782602168801e-01
2.392439738161343810e-01
2.392447432438392085e-01
2.392446979824624509e-01
2.392447432429620768e-01
2.392439738157931262e-01
2.392577782603085013e-01
2.390100676831531934e-01
2.434550536164078183e-01
1.636930173985100823e-01
4.891257239356204822e-01
4.891539466281981663e-01
1.637024625314115189e-01
2.434691010414952728e-01
2.390238586319731462e-01
2.392715835011854641e-01
2.392577782592510138e-01
2.392585477320679777e-01
2.392585024700472629e-01
2.392585477329736421e-01
2.392577782596518599e-01
2.392715835011595960e-01
2.390238586318877700e-01
2.434691010411902945e-01
1.637024625310897763e-01
4.891539466278447823e-01
4.886475112376873486e-01
1.635329765835178695e-01
2.432170303598003291e-01
2.387763902390166171e-01
2.390238586314115676e-01
2.390100676833516458e-01
2.390108363594056762e-01
2.390107911429190657e-01
2.390108363590424390e-01
2.390100676833609439e-01
2.390238586315392988e-01
2.387763902391717985e-01
2.432170303600202088e-01
1.635329765834190874e-01
4.886475112374520924e-01
4.977351255573534416e-01
1.665742785152311278e-01
2.477402552137280556e-01
2.432170303590588112e-01
2.434691010422173341e-01
2.434550536174896196e-01
2.434558365878198016e-01
2.434557905298999070e-01
2.434558365874463226e-01
2.434550536168919310e-01
2.434691010419792467e-01
2.432170303590547589e-01
2.477402552139170988e-01
1.665742785158925710e-01
4.977351255579907652e-01
3.346645031906317902e-01
1.120003296951408850e-01
1.665742785151839156e-01
1.635329765840067284e-01
1.637024625310641301e-01
1.636930173972122593e-01
1.636935438482028382e-01
1.636935128816178198e-01
1.636935438488393291e-01
1.636930173979566361e-01
1.637024625312794301e-01
1.635329765838709759e-01
1.665742785147671934e-01
1.120003296943613558e-01
3.346645031900818967e-01
1.000000000000036637e+00
3.346645031900979395e-01
4.977351255577741052e-01
4.886475112378697583e-01
4.891539466274923420e-01
4.891257239354592778e-01
4.891272970034801215e-01
4.891272044699715993e-01
4.891272970034242218e-01
4.891257239354075970e-01
4.891539466274904546e-01
4.886475112378911301e-01
4.977351255578102429e-01
3.346645031901442358e-01
1.000000000000041522e+00
