1.000000000000000000e+00
3.346645032057956048e-01
4.977351255506097250e-01
4.886475112443467994e-01
4.891539466464328023e-01
4.891257239836255266e-01
4.891272967400062122e-01
4.891272090541960993e-01
4.891272139920529449e-01
4.891272137462413516e-01
4.891272137355785476e-01
4.891272137047597002e-01
4.891272136951441141e-01
4.891272137392648767e-01
4.891272137401078135e-01
4.891272137156097433e-01
4.891272137108361728e-01
4.891272137250818330e-01
4.891272137198265368e-01
4.891272137196494008e-01
4.891272137761790706e-01
4.891272137130354691e-01
4.891272137094557215e-01
4.891272137096692729e-01
4.891272137183866886e-01
4.891272137478469562e-01
4.891272137219601635e-01
4.891272137557867716e-01
4.891272137338404380e-01
4.891272136760831946e-01
4.891272137340773596e-01
4.891272137355621719e-01
4.891272137339630621e-01
4.891272136759466371e-01
4.891272137337434045e-01
4.891272137557000077e-01
4.891272137219038196e-01
4.891272137477391535e-01
4.891272137181484347e-01
4.891272137093743977e-01
4.891272137093536365e-01
4.891272137133231834e-01
4.891272137766199957e-01
4.891272137198398040e-01
4.891272137197826275e-01
4.891272137250030072e-01
4.891272137107074980e-01
4.891272137153626076e-01
4.891272137398631759e-01
4.891272137391418084e-01
4.891272136950982619e-01
4.891272137047748547e-01
4.891272137356983962e-01
4.891272137463200109e-01
4.891272139920520567e-01
4.891272090542319040e-01
4.891272967400666638e-01
4.891257239837146220e-01
4.891539466465403829e-01
4.886475112443894875e-01
4.977351255505239047e-01
3.346645032057266045e-01
9.999999999998809841e-01
3.346645031899966871e-01
1.120003296963130307e-01
1.665742785163004669e-01
1.635329765699319593e-01
1.637024625337507588e-01
1.636930174016470729e-01
1.636935437669986837e-01
1.636935144294844879e-01
1.636935160588087190e-01
1.636935159668937989e-01
1.636935159847507648e-01
1.636935159705430187e-01
1.636935159845712973e-01
1.636935159856764965e-01
1.636935159644746507e-01
1.636935159736478684e-01
1.636935159697958109e-01
1.636935159908762538e-01
1.636935159766076953e-01
1.636935159792657635e-01
1.636935159883281254e-01
1.636935159820908092e-01
1.636935159741833290e-01
1.636935159880260338e-01
1.636935159747245627e-01
1.636935159647380789e-01
1.636935159805580353e-01
1.636935159834802256e-01
1.636935159806834628e-01
1.636935159740159074e-01
1.636935159773258153e-01
1.636935159815789964e-01
1.636935159751863600e-01
1.636935159716916000e-01
1.636935159799101092e-01
1.636935159851247990e-01
1.636935159837552278e-01
1.636935159674577089e-01
1.636935159778443172e-01
1.636935159933645689e-01
1.636935159764249803e-01
1.636935159742875234e-01
1.636935159755599500e-01
1.636935159728327982e-01
1.636935159772283377e-01
1.636935159929231165e-01
1.636935159742165524e-01
1.636935159815319230e-01
1.636935159700492748e-01
1.636935159856931499e-01
1.636935159827010988e-01
1.636935159681548180e-01
1.636935159804342454e-01
1.636935159627244674e-01
1.636935160563264269e-01
1.636935144258050145e-01
1.636935437619916056e-01
1.636930173985714776e-01
1.637024625332280103e-01
1.635329765700307691e-01
1.665742785188887298e-01
1.120003297016904653e-01
3.346645031967879214e-01
4.977351255643288064e-01
1.665742785302344042e-01
2.477402551883139126e-01
2.432170303640111553e-01
2.434691010382847021e-01
2.434550536127295661e-01
2.434558364637963157e-01
2.434557928263052229e-01
2.434557952573571382e-01
2.434557951425193045e-01
2.434557951332124437e-01
2.434557951492567485e-01
2.434557951363340300e-01
2.434557951436358281e-01
2.434557951281840771e-01
2.434557951453025504e-01
2.434557951321137115e-01
2.434557951516786167e-01
2.434557951362424921e-01
2.434557951387898433e-01
2.434557951124291797e-01
2.434557951271890675e-01
2.434557951319667179e-01
2.434557951520930075e-01
2.434557951391488340e-01
2.434557951168727363e-01
2.434557951417878618e-01
2.434557951317630475e-01
2.434557951403717446e-01
2.434557951453286684e-01
2.434557951396986997e-01
2.434557951400165010e-01
2.434557951446357227e-01
2.434557951511653051e-01
2.434557951435115386e-01
2.434557951302794565e-01
2.434557951375528884e-01
2.434557951145813470e-01
2.434557951376469243e-01
2.434557951461900627e-01
2.434557951273928489e-01
2.434557951352420146e-01
2.434557951275916066e-01
2.434557951456808589e-01
2.434557951349693716e-01
2.434557951506276796e-01
2.434557951285938326e-01
2.434557951365899642e-01
2.434557951231809680e-01
2.434557951465631254e-01
2.434557951401489506e-01
2.434557951520045227e-01
2.434557951383942986e-01
2.434557951476903070e-01
2.434557952602542930e-01
2.434557928315099762e-01
2.434558364714182188e-01
2.434550536164583057e-01
2.434691010380354292e-01
2.432170303640422415e-01
2.477402551860604374e-01
1.665742785242318447e-01
4.977351255563716714e-01
4.886475112428497747e-01
1.635329765861443241e-01
2.432170303550804102e-01
2.387763902194076360e-01
2.390238586101137708e-01
2.390100676639771438e-01
2.390108362404270437e-01
2.390107934439224535e-01
2.390107957705139563e-01
2.390107956536005884e-01
2.390107956497143360e-01
2.390107956876320883e-01
2.390107956844726156e-01
2.390107956791038823e-01
2.390107956438354830e-01
2.390107956750078810e-01
2.390107956702497982e-01
2.390107956842097425e-01
2.390107956687872182e-01
2.390107956723358518e-01
2.390107956379464160e-01
2.390107956618302276e-01
2.390107956839719050e-01
2.390107956775027742e-01
2.390107956839737646e-01
2.390107956368490716e-01
2.390107956693916791e-01
2.390107956358505648e-01
2.390107956737805572e-01
2.390107956811815260e-01
2.390107956661032262e-01
2.390107956537237399e-01
2.390107956584851256e-01
2.390107956716288895e-01
2.390107956673002410e-01
2.390107956354445840e-01
2.390107956727231808e-01
2.390107956364937725e-01
2.390107956805646583e-01
2.390107956804344291e-01
2.390107956908092690e-01
2.390107956590208360e-01
2.390107956276816825e-01
2.390107956687674562e-01
2.390107956703183545e-01
2.390107956818588453e-01
2.390107956693093560e-01
2.390107956797848654e-01
2.390107956440282178e-01
2.390107956711877701e-01
2.390107956786627630e-01
2.390107956858667781e-01
2.390107956458678296e-01
2.390107956495589325e-01
2.390107957685953521e-01
2.390107934384759492e-01
2.390108362321030633e-01
2.390100676614306530e-01
2.390238586122952757e-01
2.387763902195522148e-01
2.432170303553252144e-01
1.635329765895834064e-01
4.886475112481125094e-01
4.891539466310947937e-01
1.637024625431121316e-01
2.434691010396083100e-01
2.390238586369382856e-01
2.392715834996649027e-01
2.392577782308260848e-01
2.392585476260509214e-01
2.392585047466978254e-01
2.392585071307432587e-01
2.392585069726210489e-01
2.392585069695999100e-01
2.392585070204769904e-01
2.392585070053327712e-01
2.392585069910176943e-01
2.392585069813665533e-01
2.392585069942939069e-01
2.392585070140957892e-01
2.392585069877171955e-01
2.392585069982167134e-01
2.392585069893738980e-01
2.392585069577893575e-01
2.392585069982728352e-01
2.392585070256456059e-01
2.392585070013355519e-01
2.392585069978646062e-01
2.392585069736806180e-01
2.392585069990446067e-01
2.392585069712044876e-01
2.392585069925304564e-01
2.392585070152691284e-01
2.392585069902443407e-01
2.392585069887179228e-01
2.392585069982479107e-01
2.392585070258373692e-01
2.392585070013716897e-01
2.392585069748589532e-01
2.392585069984223545e-01
2.392585069770792883e-01
2.392585070062960284e-01
2.392585070026374550e-01
2.392585070174221284e-01
2.392585069939927311e-01
2.392585069602856385e-01
2.392585069890136029e-01
2.392585069977278545e-01
2.392585069943820586e-01
2.392585070203362418e-01
2.392585069950226573e-01
2.392585069869978820e-01
2.392585070034298489e-01
2.392585070121673874e-01
2.392585070203828990e-01
2.392585069711485879e-01
2.392585069747956705e-01
2.392585071311634226e-01
2.392585047512154617e-01
2.392585476333679573e-01
2.392577782314540547e-01
2.392715834955280729e-01
2.390238586364168138e-01
2.434691010414473944e-01
1.637024625430296698e-01
4.891539466306606965e-01
4.891257239588092109e-01
1.636930174023424056e-01
2.434550536239965257e-01
2.390100676892836229e-01
2.392577782435038880e-01
2.392439738028130092e-01
2.392447431437741689e-01
2.392447002827165214e-01
2.392447026572283586e-01
2.392447024866535266e-01
2.392447024780632314e-01
2.392447025367438196e-01
2.392447025313462483e-01
2.392447025187985632e-01
2.392447025017427897e-01
2.392447025409385197e-01
2.392447025323512222e-01
2.392447025260863169e-01
2.392447025190474474e-01
2.392447025121805237e-01
2.392447025033687114e-01
2.392447025029486585e-01
2.392447025326112642e-01
2.392447025169060215e-01
2.392447025310944497e-01
2.392447025264838323e-01
2.392447025032419794e-01
2.392447025053783816e-01
2.392447025187603715e-01
2.392447025463949606e-01
2.392447025273581607e-01
2.392447024992749860e-01
2.392447025219316126e-01
2.392447025387718917e-01
2.392447025100588320e-01
2.392447024985032422e-01
2.392447025004992567e-01
2.392447025216689893e-01
2.392447025210361067e-01
2.392447025129736393e-01
2.392447025404990657e-01
2.392447025110948089e-01
2.392447025054381948e-01
2.392447025135799599e-01
2.392447025172277364e-01
2.392447025164269880e-01
2.392447025232216917e-01
2.392447025368599489e-01
2.392447024928921473e-01
2.392447025047729214e-01
2.392447025249573589e-01
2.392447025384339121e-01
2.392447024780494924e-01
2.392447024853761872e-01
2.392447026575031666e-01
2.392447002794593214e-01
2.392447431383721290e-01
2.392439738035929131e-01
2.392577782479851090e-01
2.390100676896006748e-01
2.434550536216220917e-01
1.636930174008190408e-01
4.891257239551418667e-01
4.891272967421829709e-01
1.636935437758869905e-01
2.434558364640929951e-01
2.390108362561463862e-01
2.392585475881593982e-01
2.392447431091888344e-01
2.392455124352745044e-01
2.392454695743395643e-01
2.392454719700881638e-01
2.392454717828919886e-01
2.392454717848912227e-01
2.392454718261668722e-01
2.392454718201796893e-01
2.392454717985027235e-01
2.392454717839549716e-01
2.392454718281541159e-01
2.392454718245787815e-01
2.392454718075908149e-01
2.392454718062748675e-01
2.392454718010765535e-01
2.392454717976741640e-01
2.392454718160966776e-01
2.392454718296564142e-01
2.392454718014781490e-01
2.392454718216371623e-01
2.392454718117975054e-01
2.392454718078763920e-01
2.392454717991321089e-01
2.392454718164557237e-01
2.392454718327200469e-01
2.392454718187960183e-01
2.392454718104935207e-01
2.392454718206804276e-01
2.392454718353718701e-01
2.392454718226357524e-01
2.392454718077577369e-01
2.392454718131232227e-01
2.392454718158706362e-01
2.392454718293616500e-01
2.392454718054790042e-01
2.392454718239016842e-01
2.392454718092051069e-01
2.392454717963790889e-01
2.392454718020354532e-01
2.392454718105859746e-01
2.392454718177931539e-01
2.392454718335531860e-01
2.392454718328744789e-01
2.392454717928705066e-01
2.392454718110070544e-01
2.392454718248199219e-01
2.392454718234309496e-01
2.392454717844311185e-01
2.392454717845347578e-01
2.392454719704256716e-01
2.392454695766058070e-01
2.392455124386681231e-01
2.392447431081627107e-01
2.392585475855584232e-01
2.390108362572373468e-01
2.434558364660190100e-01
1.636935437771608604e-01
4.891272967478571543e-01
4.891272090964743913e-01
1.636935144206701775e-01
2.434557928529787751e-01
2.390107934092782771e-01
2.392585047409208909e-01
2.392447002443684467e-01
2.392454695621052674e-01
2.392454266954863462e-01
2.392454290792784821e-01
2.392454289092099118e-01
2.392454289273596713e-01
2.392454289515008881e-01
2.392454289553899993e-01
2.392454289330964712e-01
2.392454289300751935e-01
2.392454289653695720e-01
2.392454289552175817e-01
2.392454289410569646e-01
2.392454289398055767e-01
2.392454289399422174e-01
2.392454289562027658e-01
2.392454289519252986e-01
2.392454289447242255e-01
2.392454289381730770e-01
2.392454289570517256e-01
2.392454289548202884e-01
2.392454289446418192e-01
2.392454289371733489e-01
2.392454289477616847e-01
2.392454289388599720e-01
2.392454289417430269e-01
2.392454289086267671e-01
2.392454289412410118e-01
2.392454289394129463e-01
2.392454289449814642e-01
2.392454289295120329e-01
2.392454289389526756e-01
2.392454289525681177e-01
2.392454289532606748e-01
2.392454289355724073e-01
2.392454289476533269e-01
2.392454289547419344e-01
2.392454289538900603e-01
2.392454289357673625e-01
2.392454289343781682e-01
2.392454289324641992e-01
2.392454289477324025e-01
2.392454289605680795e-01
2.392454289220825592e-01
2.392454289232443243e-01
2.392454289526226019e-01
2.392454289547953361e-01
2.392454289281585600e-01
2.392454289069750606e-01
2.392454290774865544e-01
2.392454266934373186e-01
2.392454695604536441e-01
2.392447002448035986e-01
2.392585047400669074e-01
2.390107934055227257e-01
2.434557928508097879e-01
1.636935144197263770e-01
4.891272090896872649e-01
4.891272139738279123e-01
1.636935160596259264e-01
2.434557952715094009e-01
2.390107957994720977e-01
2.392585071306549405e-01
2.392447026500073015e-01
2.392454719399959573e-01
2.392454290698981523e-01
2.392454314740247445e-01
2.392454313072008565e-01
2.392454313456191806e-01
2.392454313406442157e-01
2.392454313381369713e-01
2.392454313070763450e-01
2.392454313082243156e-01
2.392454313519624953e-01
2.392454313211432870e-01
2.392454313168058400e-01
2.392454313255101828e-01
2.392454313294809232e-01
2.392454313427820334e-01
2.392454313349837713e-01
2.392454313120390141e-01
2.392454313338874816e-01
2.392454313366248198e-01
2.392454313344895278e-01
2.392454313292712575e-01
2.392454313276897726e-01
2.392454313408942934e-01
2.392454313374003383e-01
2.392454313252921905e-01
2.392454313134843302e-01
2.392454313280701073e-01
2.392454313375660113e-01
2.392454313406499333e-01
2.392454313313140402e-01
2.392454313330062976e-01
2.392454313355853734e-01
2.392454313382882669e-01
2.392454313355969198e-01
2.392454313112474251e-01
2.392454313353416517e-01
2.392454313474503547e-01
2.392454313348977568e-01
2.392454313299546553e-01
2.392454313226239915e-01
2.392454313275228228e-01
2.392454313578381564e-01
2.392454313159937673e-01
2.392454313148961453e-01
2.392454313398478249e-01
2.392454313369732910e-01
2.392454313434504987e-01
2.392454313089660556e-01
2.392454314773895530e-01
2.392454290725354871e-01
2.392454719403812602e-01
2.392447026499457396e-01
2.392585071344920655e-01
2.390107958063732996e-01
2.434557952758602539e-01
1.636935160622566832e-01
4.891272139819401454e-01
4.891272137100018957e-01
1.636935159763956704e-01
2.434557951273671195e-01
2.390107956605309336e-01
2.392585070025836924e-01
2.392447025194323340e-01
2.392454717843319201e-01
2.392454289307572035e-01
2.392454313259573806e-01
2.392454311776893716e-01
2.392454312252364212e-01
2.392454312021195795e-01
2.392454312107370751e-01
2.392454311783559773e-01
2.392454311887580731e-01
2.392454312286362295e-01
2.392454311843001391e-01
2.392454311995508842e-01
2.392454311865960803e-01
2.392454312273239181e-01
2.392454312087946011e-01
2.392454312008105433e-01
2.392454311905046482e-01
2.392454311831354874e-01
2.392454312135085803e-01
2.392454311980143633e-01
2.392454312082860912e-01
2.392454312071910227e-01
2.392454311908739917e-01
2.392454311976095482e-01
2.392454311935527933e-01
2.392454311916575871e-01
2.392454311865671035e-01
2.392454311941512035e-01
2.392454311933406297e-01
2.392454312091904789e-01
2.392454312076862377e-01
2.392454311965702685e-01
2.392454312113378445e-01
2.392454311815913615e-01
2.392454311912232123e-01
2.392454312007792627e-01
2.392454312053369780e-01
2.392454312233953106e-01
2.392454311843937032e-01
2.392454311963514713e-01
2.392454311782996890e-01
2.392454312210669787e-01
2.392454311805777001e-01
2.392454311713029802e-01
2.392454312086079449e-01
2.392454312057757104e-01
2.392454312297660757e-01
2.392454311776565090e-01
2.392454313214655570e-01
2.392454289269650980e-01
2.392454717844406109e-01
2.392447025195673371e-01
2.392585069974016154e-01
2.390107956513705667e-01
2.434557951192828362e-01
1.636935159696965569e-01
4.891272136999939013e-01
4.891272137235326278e-01
1.636935159679653029e-01
2.434557951200584380e-01
2.390107956636854936e-01
2.392585070275064507e-01
2.392447025338575173e-01
2.392454717895437510e-01
2.392454289255433186e-01
2.392454313249410547e-01
2.392454312050036058e-01
2.392454312275191508e-01
2.392454312299567287e-01
2.392454311906702380e-01
2.392454311926457966e-01
2.392454311957730728e-01
2.392454312152433593e-01
2.392454311912249609e-01
2.392454311888033702e-01
2.392454311996329297e-01
2.392454312384430237e-01
2.392454312193371679e-01
2.392454312084364709e-01
2.392454311864127547e-01
2.392454311841402670e-01
2.392454312000714678e-01
2.392454312014028750e-01
2.392454312229397306e-01
2.392454312154908558e-01
2.392454312204332911e-01
2.392454311948767620e-01
2.392454312026014163e-01
2.392454312032155639e-01
2.392454312119654536e-01
2.392454312005911909e-01
2.392454312166379382e-01
2.392454312093568181e-01
2.392454312215507306e-01
2.392454312044387521e-01
2.392454312038957975e-01
2.392454311853247362e-01
2.392454311839177505e-01
2.392454312055986021e-01
2.392454312194820243e-01
2.392454312399288630e-01
2.392454311999934191e-01
2.392454311901826836e-01
2.392454311965538094e-01
2.392454312230092583e-01
2.392454312031710439e-01
2.392454311991531468e-01
2.392454311942929790e-01
2.392454312270981265e-01
2.392454312208123213e-01
2.392454312030808938e-01
2.392454313301418667e-01
2.392454289305131487e-01
2.392454717897053162e-01
2.392447025337967603e-01
2.392585070324816099e-01
2.390107956728566296e-01
2.434557951308987667e-01
1.636935159787741845e-01
4.891272137347218996e-01
4.891272137375147766e-01
1.636935159817801688e-01
2.434557951260525044e-01
2.390107956528248201e-01
2.392585070172468797e-01
2.392447025265564131e-01
2.392454717839895828e-01
2.392454289227620989e-01
2.392454313252211084e-01
2.392454311996942695e-01
2.392454312170182174e-01
2.392454312049845933e-01
2.392454312135456063e-01
2.392454311877987572e-01
2.392454312292147112e-01
2.392454312080727896e-01
2.392454311980240222e-01
2.392454311959635316e-01
2.392454312094536850e-01
2.392454312362379820e-01
2.392454312304033159e-01
2.392454311943908452e-01
2.392454311919750831e-01
2.392454311829646796e-01
2.392454312019025031e-01
2.392454312138373174e-01
2.392454312131803706e-01
2.392454312144017270e-01
2.392454312034342778e-01
2.392454311956910273e-01
2.392454312102895719e-01
2.392454312119989546e-01
2.392454312028347851e-01
2.392454311908764064e-01
2.392454312068108269e-01
2.392454312199586153e-01
2.392454312132561434e-01
2.392454312088363455e-01
2.392454311979046733e-01
2.392454311838262404e-01
2.392454311971878023e-01
2.392454312002566252e-01
2.392454312331075417e-01
2.392454312360471069e-01
2.392454312093273139e-01
2.392454311952268153e-01
2.392454311938254363e-01
2.392454312019905716e-01
2.392454312241475423e-01
2.392454311821335111e-01
2.392454312079042855e-01
2.392454312059734967e-01
2.392454312243869063e-01
2.392454312026295327e-01
2.392454313198144888e-01
2.392454289175019455e-01
2.392454717832501188e-01
2.392447025252078252e-01
2.392585070125882452e-01
2.390107956456333227e-01
2.434557951152605537e-01
1.636935159693930497e-01
4.891272137270653575e-01
4.891272137308367296e-01
1.636935159773828252e-01
2.434557951176744839e-01
2.390107956604463346e-01
2.392585070132206282e-01
2.392447025184987197e-01
2.392454717961476629e-01
2.392454289180225568e-01
2.392454313473249550e-01
2.392454312058027444e-01
2.392454312152022533e-01
2.392454312087192725e-01
2.392454311996202176e-01
2.392454312054527188e-01
2.392454312182463461e-01
2.392454312010857120e-01
2.392454312047128662e-01
2.392454311988382043e-01
2.392454311982295523e-01
2.392454312063224953e-01
2.392454312203195765e-01
2.392454312101132130e-01
2.392454311999846761e-01
2.392454311892517616e-01
2.392454311997931904e-01
2.392454312018413298e-01
2.392454312112610171e-01
2.392454312120167459e-01
2.392454312020188267e-01
2.392454311836614556e-01
2.392454312173846465e-01
2.392454312180717912e-01
2.392454312196214683e-01
2.392454311853276228e-01
2.392454312013488904e-01
2.392454312121093940e-01
2.392454312160564034e-01
2.392454312085684487e-01
2.392454312018167939e-01
2.392454311851655580e-01
2.392454311929015365e-01
2.392454312034009156e-01
2.392454312169351449e-01
2.392454312067753552e-01
2.392454311993706950e-01
2.392454311997475880e-01
2.392454312078024781e-01
2.392454312049721865e-01
2.392454312205623546e-01
2.392454312099762392e-01
2.392454312070097511e-01
2.392454312102945957e-01
2.392454312092398006e-01
2.392454312034809627e-01
2.392454313524417231e-01
2.392454289220945496e-01
2.392454717973594158e-01
2.392447025223810309e-01
2.392585070183460838e-01
2.390107956642112674e-01
2.434557951249716745e-01
1.636935159878533108e-01
4.891272137379929497e-01
4.891272137298747213e-01
1.636935159944477858e-01
2.434557951216191063e-01
2.390107956623379326e-01
2.392585069898088834e-01
2.392447025320544873e-01
2.392454717896126959e-01
2.392454289425713643e-01
2.392454313447978931e-01
2.392454312024843432e-01
2.392454312037697040e-01
2.392454311920149401e-01
2.392454312090178392e-01
2.392454312275947570e-01
2.392454312044012543e-01
2.392454312206537259e-01
2.392454311933068234e-01
2.392454312156297447e-01
2.392454311992408822e-01
2.392454311965073466e-01
2.392454312246497239e-01
2.392454312072826994e-01
2.392454311893411345e-01
2.392454312020505514e-01
2.392454312075243672e-01
2.392454312119685622e-01
2.392454312123435400e-01
2.392454312106776781e-01
2.392454312100179281e-01
2.392454311885310603e-01
2.392454312001113526e-01
2.392454312215352985e-01
2.392454312029800578e-01
2.392454311893512098e-01
2.392454312062278765e-01
2.392454312026058849e-01
2.392454312014881679e-01
2.392454312039892228e-01
2.392454312081797319e-01
2.392454312088737323e-01
2.392454311965358793e-01
2.392454312127717808e-01
2.392454312271952155e-01
2.392454311952729451e-01
2.392454311971630998e-01
2.392454312141950590e-01
2.392454311901028585e-01
2.392454312170560204e-01
2.392454312030564689e-01
2.392454312238040670e-01
2.392454312007163131e-01
2.392454311882464546e-01
2.392454312073582778e-01
2.392454312033815422e-01
2.392454313405915634e-01
2.392454289409699508e-01
2.392454717885566517e-01
2.392447025252700532e-01
2.392585069838862877e-01
2.390107956626130736e-01
2.434557951197849901e-01
1.636935159879747970e-01
4.891272137269730980e-01
4.891272137251817531e-01
1.636935159904847059e-01
2.434557951336205062e-01
2.390107956669427214e-01
2.392585069806449638e-01
2.392447025258939985e-01
2.392454718134765790e-01
2.392454289541699475e-01
2.392454313409629052e-01
2.392454312017759654e-01
2.392454312000643069e-01
2.392454311810328638e-01
2.392454311924742394e-01
2.392454312246116988e-01
2.392454312001059402e-01
2.392454312033753250e-01
2.392454312062763933e-01
2.392454312112569093e-01
2.392454312022657403e-01
2.392454311738948514e-01
2.392454311953138846e-01
2.392454312174439324e-01
2.392454311984586190e-01
2.392454312263229410e-01
2.392454312101644498e-01
2.392454311978871040e-01
2.392454311921888288e-01
2.392454311940359069e-01
2.392454312146359008e-01
2.392454312038776731e-01
2.392454312135123551e-01
2.392454312366496527e-01
2.392454312084157375e-01
2.392454312029359542e-01
2.392454312222198065e-01
2.392454312073357126e-01
2.392454312067236188e-01
2.392454312068292288e-01
2.392454312086564061e-01
2.392454312191267807e-01
2.392454311927228183e-01
2.392454312138767580e-01
2.392454311937201872e-01
2.392454311753517970e-01
2.392454312041895070e-01
2.392454312125834315e-01
2.392454312104388414e-01
2.392454312089095092e-01
2.392454312025098506e-01
2.392454312280121453e-01
2.392454312004366757e-01
2.392454311858415728e-01
2.392454311985867388e-01
2.392454312022579965e-01
2.392454313439505154e-01
2.392454289531300016e-01
2.392454718140246961e-01
2.392447025344226763e-01
2.392585069862573355e-01
2.390107956625806274e-01
2.434557951305056644e-01
1.636935159934673756e-01
4.891272137249603191e-01
4.891272137174123569e-01
1.636935159928780414e-01
2.434557951465375070e-01
2.390107956547337376e-01
2.392585069786153651e-01
2.392447025107749536e-01
2.392454718227630950e-01
2.392454289441879600e-01
2.392454313570086810e-01
2.392454311907976638e-01
2.392454312049833443e-01
2.392454311782095111e-01
2.392454311969893221e-01
2.392454312325811849e-01
2.392454312068836020e-01
2.392454312065651623e-01
2.392454312153748375e-01
2.392454312161553243e-01
2.392454312165835650e-01
2.392454311762202690e-01
2.392454311926368593e-01
2.392454312061083332e-01
2.392454312071718159e-01
2.392454312168745267e-01
2.392454312328786137e-01
2.392454312032421260e-01
2.392454312080923018e-01
2.392454312015317164e-01
2.392454312062356758e-01
2.392454311925380495e-01
2.392454312061152166e-01
2.392454312222389856e-01
2.392454312103126923e-01
2.392454311920504673e-01
2.392454311981695170e-01
2.392454311892412699e-01
2.392454311943190970e-01
2.392454311934905931e-01
2.392454312324978627e-01
2.392454312220444745e-01
2.392454312114035697e-01
2.392454312088329593e-01
2.392454311939342382e-01
2.392454311749600826e-01
2.392454312156502561e-01
2.392454312159601748e-01
2.392454312106986336e-01
2.392454311987790017e-01
2.392454312030064256e-01
2.392454312301073305e-01
2.392454311908225328e-01
2.392454311738627104e-01
2.392454312057601951e-01
2.392454311902758035e-01
2.392454313554378542e-01
2.392454289466353079e-01
2.392454718222633281e-01
2.392447025021658125e-01
2.392585069747445170e-01
2.390107956620485807e-01
2.434557951516853336e-01
1.636935159906161286e-01
4.891272137185248559e-01
4.891272137168534151e-01
1.636935159911994120e-01
2.434557951463238168e-01
2.390107956612631257e-01
2.392585069814283372e-01
2.392447025257725124e-01
2.392454718363715982e-01
2.392454289581792126e-01
2.392454313320584169e-01
2.392454312096004287e-01
2.392454312017907314e-01
2.392454311934259226e-01
2.392454311893776886e-01
2.392454312167866526e-01
2.392454312131661320e-01
2.392454311900043262e-01
2.392454312078890477e-01
2.392454312292323637e-01
2.392454312150674445e-01
2.392454311815050694e-01
2.392454311756034013e-01
2.392454312050192877e-01
2.392454312192515420e-01
2.392454312330733468e-01
2.392454312317589260e-01
2.392454311772474473e-01
2.392454311829338709e-01
2.392454312010141859e-01
2.392454312030149466e-01
2.392454312066742139e-01
2.392454312029321239e-01
2.392454312100827096e-01
2.392454312006511985e-01
2.392454312078191869e-01
2.392454312075653344e-01
2.392454312069547118e-01
2.392454311921788368e-01
2.392454311873013773e-01
2.392454312355535850e-01
2.392454312306294961e-01
2.392454312154760621e-01
2.392454312016654705e-01
2.392454311743428541e-01
2.392454311831598013e-01
2.392454312151706952e-01
2.392454312273747108e-01
2.392454312111446102e-01
2.392454311977902093e-01
2.392454312166826524e-01
2.392454312170386177e-01
2.392454311928859101e-01
2.392454311967009140e-01
2.392454312007287476e-01
2.392454312089773161e-01
2.392454313325179938e-01
2.392454289562876701e-01
2.392454718378269063e-01
2.392447025333616084e-01
2.392585069831438538e-01
2.390107956534585631e-01
2.434557951430515454e-01
1.636935159957127184e-01
4.891272137170286638e-01
4.891272137241005624e-01
1.636935159990647037e-01
2.434557951372969264e-01
2.390107956653264032e-01
2.392585069758235983e-01
2.392447025350267764e-01
2.392454718293344773e-01
2.392454289367412779e-01
2.392454313292305401e-01
2.392454312019848817e-01
2.392454311855505000e-01
2.392454312077259559e-01
2.392454311794969812e-01
2.392454312331121768e-01
2.392454312132141492e-01
2.392454311936778322e-01
2.392454311921143328e-01
2.392454312253565751e-01
2.392454312152510476e-01
2.392454312107079595e-01
2.392454311773158648e-01
2.392454312038303221e-01
2.392454312187981824e-01
2.392454312251436066e-01
2.392454312281060980e-01
2.392454311922248833e-01
2.392454311789134758e-01
2.392454312142816841e-01
2.392454311995220462e-01
2.392454312000269201e-01
2.392454312060624255e-01
2.392454312151557072e-01
2.392454312077846312e-01
2.392454312000371064e-01
2.392454311998044314e-01
2.392454312154895790e-01
2.392454311750784324e-01
2.392454311829706748e-01
2.392454312219896018e-01
2.392454312259637839e-01
2.392454312231922231e-01
2.392454312081035150e-01
2.392454311779902421e-01
2.392454312077120782e-01
2.392454312150849582e-01
2.392454312293177676e-01
2.392454311920925447e-01
2.392454311888289054e-01
2.392454312124388804e-01
2.392454312361124991e-01
2.392454311787181320e-01
2.392454312051955079e-01
2.392454311867537597e-01
2.392454312039956343e-01
2.392454313296072388e-01
2.392454289369523035e-01
2.392454718263806179e-01
2.392447025287897655e-01
2.392585069753562221e-01
2.390107956707050452e-01
2.434557951360226957e-01
1.636935159912460691e-01
4.891272137225045613e-01
4.891272137237440698e-01
1.636935159834448650e-01
2.434557951356630112e-01
2.390107956466252237e-01
2.392585069926519425e-01
2.392447025264790028e-01
2.392454718362137245e-01
2.392454289322691330e-01
2.392454313240236219e-01
2.392454312183557585e-01
2.392454312062982924e-01
2.392454312036746689e-01
2.392454312015157014e-01
2.392454312034088815e-01
2.392454312245154979e-01
2.392454311727927607e-01
2.392454311957215307e-01
2.392454312227397240e-01
2.392454312154378981e-01
2.392454312059204002e-01
2.392454311791846755e-01
2.392454311920450827e-01
2.392454312335099698e-01
2.392454312135494643e-01
2.392454311994856031e-01
2.392454311992204818e-01
2.392454311811590129e-01
2.392454312300520136e-01
2.392454312206164224e-01
2.392454311985104387e-01
2.392454312174341624e-01
2.392454311973286618e-01
2.392454312147423434e-01
2.392454311968924552e-01
2.392454312182923093e-01
2.392454312256876714e-01
2.392454311812859391e-01
2.392454312057433197e-01
2.392454312046152498e-01
2.392454312123808435e-01
2.392454312287281559e-01
2.392454311879347040e-01
2.392454311796370914e-01
2.392454312101621183e-01
2.392454312160383900e-01
2.392454312173227238e-01
2.392454311921782262e-01
2.392454311733977490e-01
2.392454312219032542e-01
2.392454311976608960e-01
2.392454312006215278e-01
2.392454312069066946e-01
2.392454312068874878e-01
2.392454312166105990e-01
2.392454313235223007e-01
2.392454289335436690e-01
2.392454718398006885e-01
2.392447025307925246e-01
2.392585069928617192e-01
2.390107956453928206e-01
2.434557951413666710e-01
1.636935159928849526e-01
4.891272137257116071e-01
4.891272137279792931e-01
1.636935159845881449e-01
2.434557951429313083e-01
2.390107956435259806e-01
2.392585069925889096e-01
2.392447025276682182e-01
2.392454718292791604e-01
2.392454289235073639e-01
2.392454313054415693e-01
2.392454312077598455e-01
2.392454312100291136e-01
2.392454312149941142e-01
2.392454312012645690e-01
2.392454312058759913e-01
2.392454312159835450e-01
2.392454311784483478e-01
2.392454311990042104e-01
2.392454312074739353e-01
2.392454312315205889e-01
2.392454312289342966e-01
2.392454311959173463e-01
2.392454312055312948e-01
2.392454312245141101e-01
2.392454311938605471e-01
2.392454311925572563e-01
2.392454311899119557e-01
2.392454312062361199e-01
2.392454312231783176e-01
2.392454312222372093e-01
2.392454312005559136e-01
2.392454311887380058e-01
2.392454312012569084e-01
2.392454311924900046e-01
2.392454312019758056e-01
2.392454312221023172e-01
2.392454312253880777e-01
2.392454312077219036e-01
2.392454311880501949e-01
2.392454311913181642e-01
2.392454311960069135e-01
2.392454312277685347e-01
2.392454312072939404e-01
2.392454311942344147e-01
2.392454312247867254e-01
2.392454312310737796e-01
2.392454312133918959e-01
2.392454312049835663e-01
2.392454311811695600e-01
2.392454312204949085e-01
2.392454312125410765e-01
2.392454312026807139e-01
2.392454312099516200e-01
2.392454312054031196e-01
2.392454312068129363e-01
2.392454313053390402e-01
2.392454289221715991e-01
2.392454718272637726e-01
2.392447025266570271e-01
2.392585069929104857e-01
2.390107956415794543e-01
2.434557951357765315e-01
1.636935159770770698e-01
4.891272137272822951e-01
4.891272137244768170e-01
1.636935159764091319e-01
2.434557951433014289e-01
2.390107956636507991e-01
2.392585070008499959e-01
2.392447025385464332e-01
2.392454718143431358e-01
2.392454289266056633e-01
2.392454313028702095e-01
2.392454312138318495e-01
2.392454312197660471e-01
2.392454311968187641e-01
2.392454312130788685e-01
2.392454312127442195e-01
2.392454312044716425e-01
2.392454312018727214e-01
2.392454311844276482e-01
2.392454312027449126e-01
2.392454312127367810e-01
2.392454312266265593e-01
2.392454311960902913e-01
2.392454312096548019e-01
2.392454312092541224e-01
2.392454311925080179e-01
2.392454311779478038e-01
2.392454312104237424e-01
2.392454312208497358e-01
2.392454312302983721e-01
2.392454312103237946e-01
2.392454311892175944e-01
2.392454312036771391e-01
2.392454312021151386e-01
2.392454312004850536e-01
2.392454311905020392e-01
2.392454312157304697e-01
2.392454312326124932e-01
2.392454312184678633e-01
2.392454312068222066e-01
2.392454311745302320e-01
2.392454311902552644e-01
2.392454312095847746e-01
2.392454312115064041e-01
2.392454311983730764e-01
2.392454312288846696e-01
2.392454312121989335e-01
2.392454311973431225e-01
2.392454311778120235e-01
2.392454311979726467e-01
2.392454312008787665e-01
2.392454312076373879e-01
2.392454312118822701e-01
2.392454312035317554e-01
2.392454312292610907e-01
2.392454312191590882e-01
2.392454313041063596e-01
2.392454289267660628e-01
2.392454718129923830e-01
2.392447025349626610e-01
2.392585069986188362e-01
2.390107956661227662e-01
2.434557951481151061e-01
1.636935159792218542e-01
4.891272137238001916e-01
4.891272137179246138e-01
1.636935159766719217e-01
2.434557951436299439e-01
2.390107956682118173e-01
2.392585069778076501e-01
2.392447025093853152e-01
2.392454718071916064e-01
2.392454289227073649e-01
2.392454313082245654e-01
2.392454312016556173e-01
2.392454312365449587e-01
2.392454312191631960e-01
2.392454312026521812e-01
2.392454312093895419e-01
2.392454311888370377e-01
2.392454312158530383e-01
2.392454312027843533e-01
2.392454311885809648e-01
2.392454312150130713e-01
2.392454312306291075e-01
2.392454312068458822e-01
2.392454312317167375e-01
2.392454311992874838e-01
2.392454311956917490e-01
2.392454311705317083e-01
2.392454312067455180e-01
2.392454312293761653e-01
2.392454312259552351e-01
2.392454312095339819e-01
2.392454311797218014e-01
2.392454311989043458e-01
2.392454312076214562e-01
2.392454312001789374e-01
2.392454311753208773e-01
2.392454312003044203e-01
2.392454312210677003e-01
2.392454312329208854e-01
2.392454312143472706e-01
2.392454311763728136e-01
2.392454311962367575e-01
2.392454311947285472e-01
2.392454312264425953e-01
2.392454312046189968e-01
2.392454312308141540e-01
2.392454312163531382e-01
2.392454311925595878e-01
2.392454312088090895e-01
2.392454312195047283e-01
2.392454311898225272e-01
2.392454312116477078e-01
2.392454312041301101e-01
2.392454312129206895e-01
2.392454312243028347e-01
2.392454311929262112e-01
2.392454313060949078e-01
2.392454289236401188e-01
2.392454718114415124e-01
2.392447025172962372e-01
2.392585069828202515e-01
2.390107956672924139e-01
2.434557951429436595e-01
1.636935159789666416e-01
4.891272137188624747e-01
4.891272137210679882e-01
1.636935159749996482e-01
2.434557951576291346e-01
2.390107956898351316e-01
2.392585069978629686e-01
2.392447025146883788e-01
2.392454718147781212e-01
2.392454289396436784e-01
2.392454313281735523e-01
2.392454311999547556e-01
2.392454312338236910e-01
2.392454312167019981e-01
2.392454312037374242e-01
2.392454311977499082e-01
2.392454311998994110e-01
2.392454312191300558e-01
2.392454312029029528e-01
2.392454311829888547e-01
2.392454312017496254e-01
2.392454312179350395e-01
2.392454311999445971e-01
2.392454311942548151e-01
2.392454311908435161e-01
2.392454311857442895e-01
2.392454311985147131e-01
2.392454312053614029e-01
2.392454312285837159e-01
2.392454312326650068e-01
2.392454311877078854e-01
2.392454311937921574e-01
2.392454312097418434e-01
2.392454312283404383e-01
2.392454312105280201e-01
2.392454311992723570e-01
2.392454311962793900e-01
2.392454312366263103e-01
2.392454312241487080e-01
2.392454311973111758e-01
2.392454311937403655e-01
2.392454311874138151e-01
2.392454311973990222e-01
2.392454312004973493e-01
2.392454312013598539e-01
2.392454312161453323e-01
2.392454312008593376e-01
2.392454311814489476e-01
2.392454311981675463e-01
2.392454312159582319e-01
2.392454312015004636e-01
2.392454311981075665e-01
2.392454312007992467e-01
2.392454312192627275e-01
2.392454312442809927e-01
2.392454312082302748e-01
2.392454313298572333e-01
2.392454289390634758e-01
2.392454718105673228e-01
2.392447025050648546e-01
2.392585069911453144e-01
2.390107956898008534e-01
2.434557951558309619e-01
1.636935159700514397e-01
4.891272137218369287e-01
4.891272137211457038e-01
1.636935159591282329e-01
2.434557951480732230e-01
2.390107956904050091e-01
2.392585069887553095e-01
2.392447024868911698e-01
2.392454718188020413e-01
2.392454289356469310e-01
2.392454313265502119e-01
2.392454311798965227e-01
2.392454312194056132e-01
2.392454312195713972e-01
2.392454311987766424e-01
2.392454311823639101e-01
2.392454312220461954e-01
2.392454312213206369e-01
2.392454312073638290e-01
2.392454311840817860e-01
2.392454312114432324e-01
2.392454312154772833e-01
2.392454312163647123e-01
2.392454312103846625e-01
2.392454311967678882e-01
2.392454312055931342e-01
2.392454311998505057e-01
2.392454312010456052e-01
2.392454312168191821e-01
2.392454312180798404e-01
2.392454311928584598e-01
2.392454311886370866e-01
2.392454312155138929e-01
2.392454312127225147e-01
2.392454312138259376e-01
2.392454311852766913e-01
2.392454311891049623e-01
2.392454312172442310e-01
2.392454312204159439e-01
2.392454312055077581e-01
2.392454312010123540e-01
2.392454312028350072e-01
2.392454311917709131e-01
2.392454312060277033e-01
2.392454312158954488e-01
2.392454312173817876e-01
2.392454312106770953e-01
2.392454311826762714e-01
2.392454312106726266e-01
2.392454312248673831e-01
2.392454312196961308e-01
2.392454311809265322e-01
2.392454312042563702e-01
2.392454312229879698e-01
2.392454312152435258e-01
2.392454311766683550e-01
2.392454313270695465e-01
2.392454289342157703e-01
2.392454718193566809e-01
2.392447024946232903e-01
2.392585069946362442e-01
2.390107956889197527e-01
2.434557951490230188e-01
1.636935159639108239e-01
4.891272137181211788e-01
4.891272137268525833e-01
1.636935159687151475e-01
2.434557951460708525e-01
2.390107956886167451e-01
2.392585069784299301e-01
2.392447025060299437e-01
2.392454718171947714e-01
2.392454289625101926e-01
2.392454313489738305e-01
2.392454311831210267e-01
2.392454312050288356e-01
2.392454312323415155e-01
2.392454311927023902e-01
2.392454311861775818e-01
2.392454312038847231e-01
2.392454312325946741e-01
2.392454312048932774e-01
2.392454311916122900e-01
2.392454311990514781e-01
2.392454312035635078e-01
2.392454312060802168e-01
2.392454311790128407e-01
2.392454312108791281e-01
2.392454312081316592e-01
2.392454312124468463e-01
2.392454312063781730e-01
2.392454312094357827e-01
2.392454312161568508e-01
2.392454312067396893e-01
2.392454311980480308e-01
2.392454312178317055e-01
2.392454312090643853e-01
2.392454312193736665e-01
2.392454311978581827e-01
2.392454312050059650e-01
2.392454312149075724e-01
2.392454312091225055e-01
2.392454312073038492e-01
2.392454312146050366e-01
2.392454312094072499e-01
2.392454312111185200e-01
2.392454311796771704e-01
2.392454312055753152e-01
2.392454312019817175e-01
2.392454312011228490e-01
2.392454311955137525e-01
2.392454312029428931e-01
2.392454312279168605e-01
2.392454312049090981e-01
2.392454311868781047e-01
2.392454311846571591e-01
2.392454312230141988e-01
2.392454312011787210e-01
2.392454311788043964e-01
2.392454313449833836e-01
2.392454289663912270e-01
2.392454718219023668e-01
2.392447025022036988e-01
2.392585069753886129e-01
2.390107956935283717e-01
2.434557951479731086e-01
1.636935159650801941e-01
4.891272137301675427e-01
4.891272137312961399e-01
1.636935159581148491e-01
2.434557951261132613e-01
2.390107956740553652e-01
2.392585069965148803e-01
2.392447025019364126e-01
2.392454718334252328e-01
2.392454289596473715e-01
2.392454313356361939e-01
2.392454311835126024e-01
2.392454311780834453e-01
2.392454312088362900e-01
2.392454311987501359e-01
2.392454311829002034e-01
2.392454312251003357e-01
2.392454312239800651e-01
2.392454312172501707e-01
2.392454312044005882e-01
2.392454312024376306e-01
2.392454312118829640e-01
2.392454312051802701e-01
2.392454311880429785e-01
2.392454312139652428e-01
2.392454312219414181e-01
2.392454312172000164e-01
2.392454312171581055e-01
2.392454311841973325e-01
2.392454311836927916e-01
2.392454311836298142e-01
2.392454312124875637e-01
2.392454312018759410e-01
2.392454312190145094e-01
2.392454312008393535e-01
2.392454312153673990e-01
2.392454311884708862e-01
2.392454311845935433e-01
2.392454311806694600e-01
2.392454312123968863e-01
2.392454312145312623e-01
2.392454312240732961e-01
2.392454312186614862e-01
2.392454311901485720e-01
2.392454312061162991e-01
2.392454312140967765e-01
2.392454312012851914e-01
2.392454312001103256e-01
2.392454312188021515e-01
2.392454312304132247e-01
2.392454312269701178e-01
2.392454311839113390e-01
2.392454312081026546e-01
2.392454312211216017e-01
2.392454311872120876e-01
2.392454311936348388e-01
2.392454313427256063e-01
2.392454289544426183e-01
2.392454718250799639e-01
2.392447025027493734e-01
2.392585069971051581e-01
2.390107956663813371e-01
2.434557951224624039e-01
1.636935159622883440e-01
4.891272137307439705e-01
4.891272137414531818e-01
1.636935159628822578e-01
2.434557951321307534e-01
2.390107956475299444e-01
2.392585069968293510e-01
2.392447025127023841e-01
2.392454718263179458e-01
2.392454289683836333e-01
2.392454313479362438e-01
2.392454311987779469e-01
2.392454311962549096e-01
2.392454311972806169e-01
2.392454312112571035e-01
2.392454312017962548e-01
2.392454312027590679e-01
2.392454312341288913e-01
2.392454312118600102e-01
2.392454311917141530e-01
2.392454311919162968e-01
2.392454311908267794e-01
2.392454312104516090e-01
2.392454312029091423e-01
2.392454312235322289e-01
2.392454312242081049e-01
2.392454312132250849e-01
2.392454312130486704e-01
2.392454311913021214e-01
2.392454311720239590e-01
2.392454312077434697e-01
2.392454312224909230e-01
2.392454312108075187e-01
2.392454312137642924e-01
2.392454312118271476e-01
2.392454312192619781e-01
2.392454312032332719e-01
2.392454311731584959e-01
2.392454311967961711e-01
2.392454312173817321e-01
2.392454312131185035e-01
2.392454312184885690e-01
2.392454312165145092e-01
2.392454312005702910e-01
2.392454312095984303e-01
2.392454311864023742e-01
2.392454311892855956e-01
2.392454311934598399e-01
2.392454312091231994e-01
2.392454312256476756e-01
2.392454311979857196e-01
2.392454311992531502e-01
2.392454312024806518e-01
2.392454311858108196e-01
2.392454311866714367e-01
2.392454311871503037e-01
2.392454313392042842e-01
2.392454289725366445e-01
2.392454718344677878e-01
2.392447025122902693e-01
2.392585069967771982e-01
2.390107956551443535e-01
2.434557951343965521e-01
1.636935159556417718e-01
4.891272137368710138e-01
4.891272137292313471e-01
1.636935159584928523e-01
2.434557951210953863e-01
2.390107956446309023e-01
2.392585069985249391e-01
2.392447025130905180e-01
2.392454718254668489e-01
2.392454289648112964e-01
2.392454313272537603e-01
2.392454312027477159e-01
2.392454311698415104e-01
2.392454311844718629e-01
2.392454311987677329e-01
2.392454312096241875e-01
2.392454311941190348e-01
2.392454312075845968e-01
2.392454312198867838e-01
2.392454312045293185e-01
2.392454311916814291e-01
2.392454311901702768e-01
2.392454312065260547e-01
2.392454312167841268e-01
2.392454312045254883e-01
2.392454312128129701e-01
2.392454312222726809e-01
2.392454312153308726e-01
2.392454311997632976e-01
2.392454311638753939e-01
2.392454311996610461e-01
2.392454312167101860e-01
2.392454312230962998e-01
2.392454312066654987e-01
2.392454312219702006e-01
2.392454312191145682e-01
2.392454312023417351e-01
2.392454311615671292e-01
2.392454311959347213e-01
2.392454312153813600e-01
2.392454312265666350e-01
2.392454312199164823e-01
2.392454312099510927e-01
2.392454312167393571e-01
2.392454312070162459e-01
2.392454311976452697e-01
2.392454311996488892e-01
2.392454312076334466e-01
2.392454312256973026e-01
2.392454312181442055e-01
2.392454312005163619e-01
2.392454312122261895e-01
2.392454312054369536e-01
2.392454311926431043e-01
2.392454311759225627e-01
2.392454312116173154e-01
2.392454313357942619e-01
2.392454289637228615e-01
2.392454718209781894e-01
2.392447025151168694e-01
2.392585069995343816e-01
2.390107956395770561e-01
2.434557951224823324e-01
1.636935159693412578e-01
4.891272137381141305e-01
4.891272137394269692e-01
1.636935159780206206e-01
2.434557951324858305e-01
2.390107956418836832e-01
2.392585070176460882e-01
2.392447025136966998e-01
2.392454718201183217e-01
2.392454289498532616e-01
2.392454313344701267e-01
2.392454312248081250e-01
2.392454311888034257e-01
2.392454312018636453e-01
2.392454312122099802e-01
2.392454312171463648e-01
2.392454312009686668e-01
2.392454312068683642e-01
2.392454312244696457e-01
2.392454312182347442e-01
2.392454311966735192e-01
2.392454311988960747e-01
2.392454312069213218e-01
2.392454312302246533e-01
2.392454311806883616e-01
2.392454312229704561e-01
2.392454312090008250e-01
2.392454312187544119e-01
2.392454312015014350e-01
2.392454311786737509e-01
2.392454312073716005e-01
2.392454312246361792e-01
2.392454312013003181e-01
2.392454311908011055e-01
2.392454312016617790e-01
2.392454312224283897e-01
2.392454312056036814e-01
2.392454311800809863e-01
2.392454312011095263e-01
2.392454312131990779e-01
2.392454312018091611e-01
2.392454312176555131e-01
2.392454311795578770e-01
2.392454312331111221e-01
2.392454312062365085e-01
2.392454311889825880e-01
2.392454311845819415e-01
2.392454312101435776e-01
2.392454312147804518e-01
2.392454311948341295e-01
2.392454311949215318e-01
2.392454312159243979e-01
2.392454312077244294e-01
2.392454311964123947e-01
2.392454311863303484e-01
2.392454312199159827e-01
2.392454313267773081e-01
2.392454289468225748e-01
2.392454718197550845e-01
2.392447025102188707e-01
2.392585070161244165e-01
2.390107956441290538e-01
2.434557951280344745e-01
1.636935159659326233e-01
4.891272137296999167e-01
4.891272137177194446e-01
1.636935159792529959e-01
2.434557951310575841e-01
2.390107956678611534e-01
2.392585070064991715e-01
2.392447025123147775e-01
2.392454717962973487e-01
2.392454289300395831e-01
2.392454313330945048e-01
2.392454311973641612e-01
2.392454312114792314e-01
2.392454311839349312e-01
2.392454312150760765e-01
2.392454312190828436e-01
2.392454311908918940e-01
2.392454311851355542e-01
2.392454312029560493e-01
2.392454312219081114e-01
2.392454311907265541e-01
2.392454311936482170e-01
2.392454312279846118e-01
2.392454312119630944e-01
2.392454311997764260e-01
2.392454311969940128e-01
2.392454311985106052e-01
2.392454312151595930e-01
2.392454311997336824e-01
2.392454312106418457e-01
2.392454312111195192e-01
2.392454312115704917e-01
2.392454311914078979e-01
2.392454311880669593e-01
2.392454311930425348e-01
2.392454312154743135e-01
2.392454312140548933e-01
2.392454312116983894e-01
2.392454312043521270e-01
2.392454312241987791e-01
2.392454312054804744e-01
2.392454311979380077e-01
2.392454311962340652e-01
2.392454312079141387e-01
2.392454312300216490e-01
2.392454312043069131e-01
2.392454312035713904e-01
2.392454312329573007e-01
2.392454312157378526e-01
2.392454311974076264e-01
2.392454311950319989e-01
2.392454312183105725e-01
2.392454312182739629e-01
2.392454311888184970e-01
2.392454312127805793e-01
2.392454311996584371e-01
2.392454313400149968e-01
2.392454289366724995e-01
2.392454718004291270e-01
2.392447025155864104e-01
2.392585070071280573e-01
2.390107956671722877e-01
2.434557951360289685e-01
1.636935159886745150e-01
4.891272137237270279e-01
4.891272137184939361e-01
1.636935159967522480e-01
2.434557951359075934e-01
2.390107956831172276e-01
2.392585070106629519e-01
2.392447025106694547e-01
2.392454718097334898e-01
2.392454289260524947e-01
2.392454313383032549e-01
2.392454311913181364e-01
2.392454312162274888e-01
2.392454312145008699e-01
2.392454312308442688e-01
2.392454312126334193e-01
2.392454312040957765e-01
2.392454311659056032e-01
2.392454312143011408e-01
2.392454312360597635e-01
2.392454312074897838e-01
2.392454312048276077e-01
2.392454312293651186e-01
2.392454311920706456e-01
2.392454311973287173e-01
2.392454311819985635e-01
2.392454311971828895e-01
2.392454312208389944e-01
2.392454312083194812e-01
2.392454312169279285e-01
2.392454312234254810e-01
2.392454312243987302e-01
2.392454311890372387e-01
2.392454311927280641e-01
2.392454311850144288e-01
2.392454312179128351e-01
2.392454312184031928e-01
2.392454312134587036e-01
2.392454312015322992e-01
2.392454312114788983e-01
2.392454311928628174e-01
2.392454311857143967e-01
2.392454312039196396e-01
2.392454311947301016e-01
2.392454312249954473e-01
2.392454311954020918e-01
2.392454311974683001e-01
2.392454312252611792e-01
2.392454312006654094e-01
2.392454311548351531e-01
2.392454312018948703e-01
2.392454312141227002e-01
2.392454312273979145e-01
2.392454312084484613e-01
2.392454312136893801e-01
2.392454311894681440e-01
2.392454313320013515e-01
2.392454289173579773e-01
2.392454718037165529e-01
2.392447025089427526e-01
2.392585070115853807e-01
2.390107956830018199e-01
2.434557951322288416e-01
1.636935159924772509e-01
4.891272137182180457e-01
4.891272137154976662e-01
1.636935159831129083e-01
2.434557951494848160e-01
2.390107956795538557e-01
2.392585070146738824e-01
2.392447025062401367e-01
2.392454717831688504e-01
2.392454289204478390e-01
2.392454313290865997e-01
2.392454312124405735e-01
2.392454312205036793e-01
2.392454312166741315e-01
2.392454312149844831e-01
2.392454312043413578e-01
2.392454312124518423e-01
2.392454311585996141e-01
2.392454311929738120e-01
2.392454312270870243e-01
2.392454312008672757e-01
2.392454311956157542e-01
2.392454312218520729e-01
2.392454311906254127e-01
2.392454311958696622e-01
2.392454311987354254e-01
2.392454311763426711e-01
2.392454312105850578e-01
2.392454312035827979e-01
2.392454312194689792e-01
2.392454312303703146e-01
2.392454312101490732e-01
2.392454311939375966e-01
2.392454311837112491e-01
2.392454311991134008e-01
2.392454312179743692e-01
2.392454312367262859e-01
2.392454312240994974e-01
2.392454312102295921e-01
2.392454312183583398e-01
2.392454311783503706e-01
2.392454311925176769e-01
2.392454311886544893e-01
2.392454311906230535e-01
2.392454312284645335e-01
2.392454312025941998e-01
2.392454312062362864e-01
2.392454312353309021e-01
2.392454312049511200e-01
2.392454311675556999e-01
2.392454312146267692e-01
2.392454312050950049e-01
2.392454312198361854e-01
2.392454312232292490e-01
2.392454312240207270e-01
2.392454312141656381e-01
2.392454313341321470e-01
2.392454289293362846e-01
2.392454717898759853e-01
2.392447025068573652e-01
2.392585070135013758e-01
2.390107956815381574e-01
2.434557951524138064e-01
1.636935159829144837e-01
4.891272137112421259e-01
4.891272137139836551e-01
1.636935159935697104e-01
2.434557951365291240e-01
2.390107956859879590e-01
2.392585070110998524e-01
2.392447025084524781e-01
2.392454718069804420e-01
2.392454289232715803e-01
2.392454313369317132e-01
2.392454311923754018e-01
2.392454312171302389e-01
2.392454312138684036e-01
2.392454312321950494e-01
2.392454312165520347e-01
2.392454312061416954e-01
2.392454311651548982e-01
2.392454312135547656e-01
2.392454312344942102e-01
2.392454312041478737e-01
2.392454312040878661e-01
2.392454312336516620e-01
2.392454311963072844e-01
2.392454311980350135e-01
2.392454311809345813e-01
2.392454311956256907e-01
2.392454312187075605e-01
2.392454312079754231e-01
2.392454312188699028e-01
2.392454312241457381e-01
2.392454312230415381e-01
2.392454311884757157e-01
2.392454311932945277e-01
2.392454311842774350e-01
2.392454312162157204e-01
2.392454312178857734e-01
2.392454312143038053e-01
2.392454312028228780e-01
2.392454312126660043e-01
2.392454311936427214e-01
2.392454311863138894e-01
2.392454312040714071e-01
2.392454311943792711e-01
2.392454312261847738e-01
2.392454311997485317e-01
2.392454312025551755e-01
2.392454312290027696e-01
2.392454312046374543e-01
2.392454311583575299e-01
2.392454312010971751e-01
2.392454312100615044e-01
2.392454312253484427e-01
2.392454312091026603e-01
2.392454312150480988e-01
2.392454311921079491e-01
2.392454313343953531e-01
2.392454289157190661e-01
2.392454718000138481e-01
2.392447025075219724e-01
2.392585070105428535e-01
2.390107956804872202e-01
2.434557951322063596e-01
1.636935159953759600e-01
4.891272137192235192e-01
4.891272137242170803e-01
1.636935159844849219e-01
2.434557951302528944e-01
2.390107956633484576e-01
2.392585070056140462e-01
2.392447025148480289e-01
2.392454717994605962e-01
2.392454289348815988e-01
2.392454313376827235e-01
2.392454311982870618e-01
2.392454312122108406e-01
2.392454311868292827e-01
2.392454312140016859e-01
2.392454312128073912e-01
2.392454311878367823e-01
2.392454311872069528e-01
2.392454312041412401e-01
2.392454312228288471e-01
2.392454311943602308e-01
2.392454311944172407e-01
2.392454312223228075e-01
2.392454312070824984e-01
2.392454311997006811e-01
2.392454311974928360e-01
2.392454311989964388e-01
2.392454312175318898e-01
2.392454312002942896e-01
2.392454312074201728e-01
2.392454312094519364e-01
2.392454312131219174e-01
2.392454311913875253e-01
2.392454311859280036e-01
2.392454311928701449e-01
2.392454312171418129e-01
2.392454312148570572e-01
2.392454312114744575e-01
2.392454312033835406e-01
2.392454312223548929e-01
2.392454312030980190e-01
2.392454311955268254e-01
2.392454311953105262e-01
2.392454312090910307e-01
2.392454312288934404e-01
2.392454311970992342e-01
2.392454311948522816e-01
2.392454312273080419e-01
2.392454312101414404e-01
2.392454311925675814e-01
2.392454311979101134e-01
2.392454312269161054e-01
2.392454312227903224e-01
2.392454311879943230e-01
2.392454312107995806e-01
2.392454311958582547e-01
2.392454313368721497e-01
2.392454289402849710e-01
2.392454718066711339e-01
2.392447025172320108e-01
2.392585070090919863e-01
2.390107956730886940e-01
2.434557951374255735e-01
1.636935159836989395e-01
4.891272137212555049e-01
4.891272137340015314e-01
1.636935159720890043e-01
2.434557951327448455e-01
2.390107956465973849e-01
2.392585070191809715e-01
2.392447025133410399e-01
2.392454718197834507e-01
2.392454289445126447e-01
2.392454313252150022e-01
2.392454312187440313e-01
2.392454311840631898e-01
2.392454311954445023e-01
2.392454312116375770e-01
2.392454312245850256e-01
2.392454312049408782e-01
2.392454312039207220e-01
2.392454312237820291e-01
2.392454312208592282e-01
2.392454311968086889e-01
2.392454311995223515e-01
2.392454312109619508e-01
2.392454312315704934e-01
2.392454311784581455e-01
2.392454312241339143e-01
2.392454312121314042e-01
2.392454312179964626e-01
2.392454312005387052e-01
2.392454311816615553e-01
2.392454312092897051e-01
2.392454312234037761e-01
2.392454312022799512e-01
2.392454311944621215e-01
2.392454312033947539e-01
2.392454312216520662e-01
2.392454312039885844e-01
2.392454311775905618e-01
2.392454311993844618e-01
2.392454312145056994e-01
2.392454312059288102e-01
2.392454312227535185e-01
2.392454311820805257e-01
2.392454312312490006e-01
2.392454312062391175e-01
2.392454311970250713e-01
2.392454311946647649e-01
2.392454312153050877e-01
2.392454312194078614e-01
2.392454311991317750e-01
2.392454311898010166e-01
2.392454312036402242e-01
2.392454312014223317e-01
2.392454311975305004e-01
2.392454311884646967e-01
2.392454312234552627e-01
2.392454313291557666e-01
2.392454289414192858e-01
2.392454718128095570e-01
2.392447025099870839e-01
2.392585070136804826e-01
2.390107956340654094e-01
2.434557951236590301e-01
1.636935159714065502e-01
4.891272137333806946e-01
4.891272137317516089e-01
1.636935159645216409e-01
2.434557951215540472e-01
2.390107956400244760e-01
2.392585069958882704e-01
2.392447025098973223e-01
2.392454718209653663e-01
2.392454289687438729e-01
2.392454313403494792e-01
2.392454312141414630e-01
2.392454311782995502e-01
2.392454311934813227e-01
2.392454312004061445e-01
2.392454312004631822e-01
2.392454311874544770e-01
2.392454312092255064e-01
2.392454312189143673e-01
2.392454311972922465e-01
2.392454311858573934e-01
2.392454311869842698e-01
2.392454312045714238e-01
2.392454312197684341e-01
2.392454312095014524e-01
2.392454312107044623e-01
2.392454312161461094e-01
2.392454312146194417e-01
2.392454312019481055e-01
2.392454311634775455e-01
2.392454311998169214e-01
2.392454312188597165e-01
2.392454312223668000e-01
2.392454312033548691e-01
2.392454312206243328e-01
2.392454312206467593e-01
2.392454312063213295e-01
2.392454311681130319e-01
2.392454312015070417e-01
2.392454312158756313e-01
2.392454312221456436e-01
2.392454312129398408e-01
2.392454312052233745e-01
2.392454312179965459e-01
2.392454312078316214e-01
2.392454311902715014e-01
2.392454311904599062e-01
2.392454312046496667e-01
2.392454312230349878e-01
2.392454312140506745e-01
2.392454312054537457e-01
2.392454312247658255e-01
2.392454312112496928e-01
2.392454311905150843e-01
2.392454311736736949e-01
2.392454312089632995e-01
2.392454313346396855e-01
2.392454289701238523e-01
2.392454718271148917e-01
2.392447025129501026e-01
2.392585070015873505e-01
2.390107956529470556e-01
2.434557951304843482e-01
1.636935159652319893e-01
4.891272137350700655e-01
4.891272137403896436e-01
1.636935159560477526e-01
2.434557951307280421e-01
2.390107956522126431e-01
2.392585070000370073e-01
2.392447025178047471e-01
2.392454718343600961e-01
2.392454289667485245e-01
2.392454313335667104e-01
2.392454311846459736e-01
2.392454311865053196e-01
2.392454311880026496e-01
2.392454312099998870e-01
2.392454312135987582e-01
2.392454312142175410e-01
2.392454312365748514e-01
2.392454312155056773e-01
2.392454312023927221e-01
2.392454312020426688e-01
2.392454311966369374e-01
2.392454312124884519e-01
2.392454311988667370e-01
2.392454312173127318e-01
2.392454312250678061e-01
2.392454312187168586e-01
2.392454312135481320e-01
2.392454311874158968e-01
2.392454311684644730e-01
2.392454312034044128e-01
2.392454312178891873e-01
2.392454312097766489e-01
2.392454312144375317e-01
2.392454312095120827e-01
2.392454312136194083e-01
2.392454311949100410e-01
2.392454311627518204e-01
2.392454311886358376e-01
2.392454312149076279e-01
2.392454312157305807e-01
2.392454312251513504e-01
2.392454312233668334e-01
2.392454312021153051e-01
2.392454312098195590e-01
2.392454311929492206e-01
2.392454311965880598e-01
2.392454311943374434e-01
2.392454312108176218e-01
2.392454312313085918e-01
2.392454311965558356e-01
2.392454311906097308e-01
2.392454311998501448e-01
2.392454311896675401e-01
2.392454311889882501e-01
2.392454311889731788e-01
2.392454313396091270e-01
2.392454289659939892e-01
2.392454718292713334e-01
2.392447025163583763e-01
2.392585069959192456e-01
2.390107956407591938e-01
2.434557951237968088e-01
1.636935159569678777e-01
4.891272137368584683e-01
4.891272137333934067e-01
1.636935159666516593e-01
2.434557951284612998e-01
2.390107956694809410e-01
2.392585069945822873e-01
2.392447024991072591e-01
2.392454718260583757e-01
2.392454289599203754e-01
2.392454313489464635e-01
2.392454311973059022e-01
2.392454311864520844e-01
2.392454312160043062e-01
2.392454311988139182e-01
2.392454311693022750e-01
2.392454312095190772e-01
2.392454312169450814e-01
2.392454312113395654e-01
2.392454311933475963e-01
2.392454311921190790e-01
2.392454312053323429e-01
2.392454312007658013e-01
2.392454311880106432e-01
2.392454312181238885e-01
2.392454312235951785e-01
2.392454312158310836e-01
2.392454312184940091e-01
2.392454311892837637e-01
2.392454311906291320e-01
2.392454311921612398e-01
2.392454312195938793e-01
2.392454312041953912e-01
2.392454312207957789e-01
2.392454312076214284e-01
2.392454312265801797e-01
2.392454312015155071e-01
2.392454311969715586e-01
2.392454311886327567e-01
2.392454312156215290e-01
2.392454312149088214e-01
2.392454312200588407e-01
2.392454312106999936e-01
2.392454311847093118e-01
2.392454312031358499e-01
2.392454312077397782e-01
2.392454311953180757e-01
2.392454311997617156e-01
2.392454312165318286e-01
2.392454312227404734e-01
2.392454312242138226e-01
2.392454311873765671e-01
2.392454312070917133e-01
2.392454312165651631e-01
2.392454311863874139e-01
2.392454311938504719e-01
2.392454313437454017e-01
2.392454289615829344e-01
2.392454718304393435e-01
2.392447024981509962e-01
2.392585069960702360e-01
2.390107956785863796e-01
2.434557951331759174e-01
1.636935159637565307e-01
4.891272137351623250e-01
4.891272137217664295e-01
1.636935159581181520e-01
2.434557951424650979e-01
2.390107956916178167e-01
2.392585069762989680e-01
2.392447025023049512e-01
2.392454718194710062e-01
2.392454289615457974e-01
2.392454313373874042e-01
2.392454311710453252e-01
2.392454311991631388e-01
2.392454312282194795e-01
2.392454311932205591e-01
2.392454311980423132e-01
2.392454312193927624e-01
2.392454312418074991e-01
2.392454312118752480e-01
2.392454312008744921e-01
2.392454312062539667e-01
2.392454312083288626e-01
2.392454312130354033e-01
2.392454311856546667e-01
2.392454312115817883e-01
2.392454312047639642e-01
2.392454312092672786e-01
2.392454312034284214e-01
2.392454312051815468e-01
2.392454312089177804e-01
2.392454311968030545e-01
2.392454311906544451e-01
2.392454312163065089e-01
2.392454312072396783e-01
2.392454312104031755e-01
2.392454311828154379e-01
2.392454311890236385e-01
2.392454312029397012e-01
2.392454312039019870e-01
2.392454312055852794e-01
2.392454312123030724e-01
2.392454312102349767e-01
2.392454312184211784e-01
2.392454311878172701e-01
2.392454312113564130e-01
2.392454312090044888e-01
2.392454312075670830e-01
2.392454311977345593e-01
2.392454312066600586e-01
2.392454312357400192e-01
2.392454312088967971e-01
2.392454311864238015e-01
2.392454311873562223e-01
2.392454312262012051e-01
2.392454311985459936e-01
2.392454311747734264e-01
2.392454313410675715e-01
2.392454289578505588e-01
2.392454718155822835e-01
2.392447025062462429e-01
2.392585069784757823e-01
2.390107956855223315e-01
2.434557951394591135e-01
1.636935159621055458e-01
4.891272137227603012e-01
4.891272137283796395e-01
1.636935159701664033e-01
2.434557951525119224e-01
2.390107956902267627e-01
2.392585069961638833e-01
2.392447024978944237e-01
2.392454718228539390e-01
2.392454289385791133e-01
2.392454313368394536e-01
2.392454311902179609e-01
2.392454312225398005e-01
2.392454312201328370e-01
2.392454311981418447e-01
2.392454311755175256e-01
2.392454312117208992e-01
2.392454312138263539e-01
2.392454312010375561e-01
2.392454311771406994e-01
2.392454312079138612e-01
2.392454312137854977e-01
2.392454312087877455e-01
2.392454311985529880e-01
2.392454311905190534e-01
2.392454312080740386e-01
2.392454312051334187e-01
2.392454312043086895e-01
2.392454312189642163e-01
2.392454312230033187e-01
2.392454312009230366e-01
2.392454311940855616e-01
2.392454312150653351e-01
2.392454312125396609e-01
2.392454312212908829e-01
2.392454311998088445e-01
2.392454312045214360e-01
2.392454312271252992e-01
2.392454312222042634e-01
2.392454312043923170e-01
2.392454312027367247e-01
2.392454312039180020e-01
2.392454311867763528e-01
2.392454311982603610e-01
2.392454312092583135e-01
2.392454312096027047e-01
2.392454312023185869e-01
2.392454311769449671e-01
2.392454312055922738e-01
2.392454312194196298e-01
2.392454312179856379e-01
2.392454311815436219e-01
2.392454312022647689e-01
2.392454312229854996e-01
2.392454312225809898e-01
2.392454311860181815e-01
2.392454313352445627e-01
2.392454289442842164e-01
2.392454718256996904e-01
2.392447024904708341e-01
2.392585069895327710e-01
2.390107956925309751e-01
2.434557951543865895e-01
1.636935159664367478e-01
4.891272137252440921e-01
4.891272137142813059e-01
1.636935159664533734e-01
2.434557951533672937e-01
2.390107956868047223e-01
2.392585069866760283e-01
2.392447024999991567e-01
2.392454718071509168e-01
2.392454289354140895e-01
2.392454313191685611e-01
2.392454311914172516e-01
2.392454312333762989e-01
2.392454312199143729e-01
2.392454312047347098e-01
2.392454311987454729e-01
2.392454312029635433e-01
2.392454312228188273e-01
2.392454312079954071e-01
2.392454311890626073e-01
2.392454312043483244e-01
2.392454312182233089e-01
2.392454312060749710e-01
2.392454312068842126e-01
2.392454311999940852e-01
2.392454311855331806e-01
2.392454311938801148e-01
2.392454312028279573e-01
2.392454312284766349e-01
2.392454312311130815e-01
2.392454311834653347e-01
2.392454311905848063e-01
2.392454312102780256e-01
2.392454312288841145e-01
2.392454312057379351e-01
2.392454311886424712e-01
2.392454311845150783e-01
2.392454312295058116e-01
2.392454312244482462e-01
2.392454312008302775e-01
2.392454311944234580e-01
2.392454311863641825e-01
2.392454311995975136e-01
2.392454312054410337e-01
2.392454312068073852e-01
2.392454312240452352e-01
2.392454312113810322e-01
2.392454311908710218e-01
2.392454312044229037e-01
2.392454312186461929e-01
2.392454312005596329e-01
2.392454311967676939e-01
2.392454312013698736e-01
2.392454312163155850e-01
2.392454312335351996e-01
2.392454311948258583e-01
2.392454313183548509e-01
2.392454289292533232e-01
2.392454718066924224e-01
2.392447025104916247e-01
2.392585069971115974e-01
2.390107956883980866e-01
2.434557951522636765e-01
1.636935159687879227e-01
4.891272137187989699e-01
4.891272137215632032e-01
1.636935159801107542e-01
2.434557951462282266e-01
2.390107956732462902e-01
2.392585069890969529e-01
2.392447025221921264e-01
2.392454718144834680e-01
2.392454289270416756e-01
2.392454313155858436e-01
2.392454312079658196e-01
2.392454312344975687e-01
2.392454312126523486e-01
2.392454312006665751e-01
2.392454312121399529e-01
2.392454311909388287e-01
2.392454312151666984e-01
2.392454311990329097e-01
2.392454311824113444e-01
2.392454312100243674e-01
2.392454312280167250e-01
2.392454312016450146e-01
2.392454312218515178e-01
2.392454311910529596e-01
2.392454311944109124e-01
2.392454311735180417e-01
2.392454312087902435e-01
2.392454312293236240e-01
2.392454312256655502e-01
2.392454312107439862e-01
2.392454311824974700e-01
2.392454312015882822e-01
2.392454312099344949e-01
2.392454312036970399e-01
2.392454311811208489e-01
2.392454312069289823e-01
2.392454312253785298e-01
2.392454312325447141e-01
2.392454312107050174e-01
2.392454311738274608e-01
2.392454311961490221e-01
2.392454311944052781e-01
2.392454312243292025e-01
2.392454312008756578e-01
2.392454312237403125e-01
2.392454312052548493e-01
2.392454311810985890e-01
2.392454312014730688e-01
2.392454312170735342e-01
2.392454311898154218e-01
2.392454312112079484e-01
2.392454312038441167e-01
2.392454312174395747e-01
2.392454312359330593e-01
2.392454312075638356e-01
2.392454313185022885e-01
2.392454289310034787e-01
2.392454718112770606e-01
2.392447025106929359e-01
2.392585069779564477e-01
2.390107956694320357e-01
2.434557951472855752e-01
1.636935159800462225e-01
4.891272137168925505e-01
4.891272137245846752e-01
1.636935159787835103e-01
2.434557951431564338e-01
2.390107956582788740e-01
2.392585069926558838e-01
2.392447025309790976e-01
2.392454718090950561e-01
2.392454289223397979e-01
2.392454312973048280e-01
2.392454312098865055e-01
2.392454312229491953e-01
2.392454312040564191e-01
2.392454312151163776e-01
2.392454312086356172e-01
2.392454312012302908e-01
2.392454312023434837e-01
2.392454311873125350e-01
2.392454312088084234e-01
2.392454312214480072e-01
2.392454312346851131e-01
2.392454312025985019e-01
2.392454312156865326e-01
2.392454312131838123e-01
2.392454311924724630e-01
2.392454311757814811e-01
2.392454312084587031e-01
2.392454312197899169e-01
2.392454312305269393e-01
2.392454312102413605e-01
2.392454311854753934e-01
2.392454311963033153e-01
2.392454311951122403e-01
2.392454311961613733e-01
2.392454311879349538e-01
2.392454312138484751e-01
2.392454312311682874e-01
2.392454312181342968e-01
2.392454312083253654e-01
2.392454311768282826e-01
2.392454311912381171e-01
2.392454312098471203e-01
2.392454312132018535e-01
2.392454312018736373e-01
2.392454312347370715e-01
2.392454312216843737e-01
2.392454312084266732e-01
2.392454311859632810e-01
2.392454312028315933e-01
2.392454312056810917e-01
2.392454312124026872e-01
2.392454312128627081e-01
2.392454311984876791e-01
2.392454312188773136e-01
2.392454312061825239e-01
2.392454312932218996e-01
2.392454289225595387e-01
2.392454718155851146e-01
2.392447025396245153e-01
2.392585069996077674e-01
2.390107956612302353e-01
2.434557951409249688e-01
1.636935159758988179e-01
4.891272137283029231e-01
4.891272137266174380e-01
1.636935159782174076e-01
2.434557951411010779e-01
2.390107956481564433e-01
2.392585069968386768e-01
2.392447025306412844e-01
2.392454718343191289e-01
2.392454289293735326e-01
2.392454313100484953e-01
2.392454312103471925e-01
2.392454312081843393e-01
2.392454312102988423e-01
2.392454312008270023e-01
2.392454312101650049e-01
2.392454312175911202e-01
2.392454311759725505e-01
2.392454311965951375e-01
2.392454312030814212e-01
2.392454312209152945e-01
2.392454312154477514e-01
2.392454311859811555e-01
2.392454312013066464e-01
2.392454312251880988e-01
2.392454311970082792e-01
2.392454311949881729e-01
2.392454311915362675e-01
2.392454312082447632e-01
2.392454312243745829e-01
2.392454312229170266e-01
2.392454312052884335e-01
2.392454311985293403e-01
2.392454312107138437e-01
2.392454311976847936e-01
2.392454312035569575e-01
2.392454312214240542e-01
2.392454312245007597e-01
2.392454312087798629e-01
2.392454311897227182e-01
2.392454311913641551e-01
2.392454311951745793e-01
2.392454312261692584e-01
2.392454312033256980e-01
2.392454311890907515e-01
2.392454312200643918e-01
2.392454312246703463e-01
2.392454312045283749e-01
2.392454311969147429e-01
2.392454311735476569e-01
2.392454312103656500e-01
2.392454312035389441e-01
2.392454312013461981e-01
2.392454312155295748e-01
2.392454312139569716e-01
2.392454312170325947e-01
2.392454313139427136e-01
2.392454289247898103e-01
2.392454718266109337e-01
2.392447025283646056e-01
2.392585069974081657e-01
2.390107956481550000e-01
2.434557951449936031e-01
1.636935159839929266e-01
4.891272137243853346e-01
4.891272137235792572e-01
1.636935159908745885e-01
2.434557951381411678e-01
2.390107956427056923e-01
2.392585069910217743e-01
2.392447025250437342e-01
2.392454718287096993e-01
2.392454289236615739e-01
2.392454313197262261e-01
2.392454312159082719e-01
2.392454312049376863e-01
2.392454312044323406e-01
2.392454311999407390e-01
2.392454311989501980e-01
2.392454312244954306e-01
2.392454311776462117e-01
2.392454311984738846e-01
2.392454312249463477e-01
2.392454312248773474e-01
2.392454312214453149e-01
2.392454311920801380e-01
2.392454311967273928e-01
2.392454312301515451e-01
2.392454312073818701e-01
2.392454311965704628e-01
2.392454311992978089e-01
2.392454311800587263e-01
2.392454312278946560e-01
2.392454312187428378e-01
2.392454311936579869e-01
2.392454312085486035e-01
2.392454311889776752e-01
2.392454312097556379e-01
2.392454311945319545e-01
2.392454312187094756e-01
2.392454312273084582e-01
2.392454311798660749e-01
2.392454312017237295e-01
2.392454312019194618e-01
2.392454312123033222e-01
2.392454312316220078e-01
2.392454311948173651e-01
2.392454311869540995e-01
2.392454312141947537e-01
2.392454312197481447e-01
2.392454312238497527e-01
2.392454311990358240e-01
2.392454311811307022e-01
2.392454312335491606e-01
2.392454312076116030e-01
2.392454312008726325e-01
2.392454312004338168e-01
2.392454311999141769e-01
2.392454312090999402e-01
2.392454313169060098e-01
2.392454289305343818e-01
2.392454718347694076e-01
2.392447025197302624e-01
2.392585069833250144e-01
2.390107956405936041e-01
2.434557951337250059e-01
1.636935159833130815e-01
4.891272137245883944e-01
4.891272137281870713e-01
1.636935159931208195e-01
2.434557951355235950e-01
2.390107956691570334e-01
2.392585069766325345e-01
2.392447025372739233e-01
2.392454718400464087e-01
2.392454289473744944e-01
2.392454313330900917e-01
2.392454312051481569e-01
2.392454311898231101e-01
2.392454312086175483e-01
2.392454311804354528e-01
2.392454312371353475e-01
2.392454312134283390e-01
2.392454311878476902e-01
2.392454311881057061e-01
2.392454312242016656e-01
2.392454312088468926e-01
2.392454311971720649e-01
2.392454311637125242e-01
2.392454311972283532e-01
2.392454312217456303e-01
2.392454312324214516e-01
2.392454312308820996e-01
2.392454311896285990e-01
2.392454311775963349e-01
2.392454312162930752e-01
2.392454312026344454e-01
2.392454312050515675e-01
2.392454312132430427e-01
2.392454312211549639e-01
2.392454312119205173e-01
2.392454312039872522e-01
2.392454312019029194e-01
2.392454312157339391e-01
2.392454311777097442e-01
2.392454311882125650e-01
2.392454312257859539e-01
2.392454312266762417e-01
2.392454312200317790e-01
2.392454311999146210e-01
2.392454311693783531e-01
2.392454312038141129e-01
2.392454312123988291e-01
2.392454312238112835e-01
2.392454311870564065e-01
2.392454311842113768e-01
2.392454312038481967e-01
2.392454312283556761e-01
2.392454311799586675e-01
2.392454312117446025e-01
2.392454311919610388e-01
2.392454312089292157e-01
2.392454313341889349e-01
2.392454289405339662e-01
2.392454718369872169e-01
2.392447025477525135e-01
2.392585069870305503e-01
2.390107956698145075e-01
2.434557951378585605e-01
1.636935160002691847e-01
4.891272137271761578e-01
4.891272137099373918e-01
1.636935159951859176e-01
2.434557951466252701e-01
2.390107956567856518e-01
2.392585069802729558e-01
2.392447025224956614e-01
2.392454718245620726e-01
2.392454289481310004e-01
2.392454313295875601e-01
2.392454312060267319e-01
2.392454311966579761e-01
2.392454311948025159e-01
2.392454311926703048e-01
2.392454312141531203e-01
2.392454312110331160e-01
2.392454311949567536e-01
2.392454312137142491e-01
2.392454312315740461e-01
2.392454312191966970e-01
2.392454311911434428e-01
2.392454311875774620e-01
2.392454312130550265e-01
2.392454312182905329e-01
2.392454312263028182e-01
2.392454312293577634e-01
2.392454311819654789e-01
2.392454311871902994e-01
2.392454312004862194e-01
2.392454311994424709e-01
2.392454312003541028e-01
2.392454311946965451e-01
2.392454312034920649e-01
2.392454311959990865e-01
2.392454312026638386e-01
2.392454312030038999e-01
2.392454312035941777e-01
2.392454311873291051e-01
2.392454311819233459e-01
2.392454312330617727e-01
2.392454312303872732e-01
2.392454312176721942e-01
2.392454312089239421e-01
2.392454311830849722e-01
2.392454311876671402e-01
2.392454312186708676e-01
2.392454312333020250e-01
2.392454312144604578e-01
2.392454311977737502e-01
2.392454312198555033e-01
2.392454312212092538e-01
2.392454311906152820e-01
2.392454311911469123e-01
2.392454311977456616e-01
2.392454312066936706e-01
2.392454313304818725e-01
2.392454289538364365e-01
2.392454718254847235e-01
2.392447025115759518e-01
2.392585069724158242e-01
2.390107956607299966e-01
2.434557951483020399e-01
1.636935159901056758e-01
4.891272137118520824e-01
4.891272137247504315e-01
1.636935159902098147e-01
2.434557951480534332e-01
2.390107956607320228e-01
2.392585069808733089e-01
2.392447025144164019e-01
2.392454718335666197e-01
2.392454289521712685e-01
2.392454313581534875e-01
2.392454311946872469e-01
2.392454312095755875e-01
2.392454311729390048e-01
2.392454311884953111e-01
2.392454312334165167e-01
2.392454312111183257e-01
2.392454312033687192e-01
2.392454312080989909e-01
2.392454312113483084e-01
2.392454312124337179e-01
2.392454311690575541e-01
2.392454311827117708e-01
2.392454311976849324e-01
2.392454312062180510e-01
2.392454312223840363e-01
2.392454312351272316e-01
2.392454311979565484e-01
2.392454312019068052e-01
2.392454311998342964e-01
2.392454312089081769e-01
2.392454312003528538e-01
2.392454312181231113e-01
2.392454312330682675e-01
2.392454312172732356e-01
2.392454311970410585e-01
2.392454312025869001e-01
2.392454311946280165e-01
2.392454312015594720e-01
2.392454311984464899e-01
2.392454312321069532e-01
2.392454312205556655e-01
2.392454312101859049e-01
2.392454312031490338e-01
2.392454311850772675e-01
2.392454311689397317e-01
2.392454312106299663e-01
2.392454312093869051e-01
2.392454312086069457e-01
2.392454312022853080e-01
2.392454312039216102e-01
2.392454312283246731e-01
2.392454311930402866e-01
2.392454311778452747e-01
2.392454312065800670e-01
2.392454311903355613e-01
2.392454313553001588e-01
2.392454289466901807e-01
2.392454718319249329e-01
2.392447025214004541e-01
2.392585069832524336e-01
2.390107956520925725e-01
2.434557951427004097e-01
1.636935159926581340e-01
4.891272137215356142e-01
4.891272137209071724e-01
1.636935159931551254e-01
2.434557951304653078e-01
2.390107956586678961e-01
2.392585069762476202e-01
2.392447025213842449e-01
2.392454718036957639e-01
2.392454289475721418e-01
2.392454313399930976e-01
2.392454311972967984e-01
2.392454311956528912e-01
2.392454311875410466e-01
2.392454312024296648e-01
2.392454312242685566e-01
2.392454311950624191e-01
2.392454312056872257e-01
2.392454312140629424e-01
2.392454312179291276e-01
2.392454312081160606e-01
2.392454311812581558e-01
2.392454312039678233e-01
2.392454312247698223e-01
2.392454311998204741e-01
2.392454312218743051e-01
2.392454312079191903e-01
2.392454312023363228e-01
2.392454311986698945e-01
2.392454311978113035e-01
2.392454312141708561e-01
2.392454311963009006e-01
2.392454311985786342e-01
2.392454312208581735e-01
2.392454311983442106e-01
2.392454311993438276e-01
2.392454312213050382e-01
2.392454312032554486e-01
2.392454311988681248e-01
2.392454312027140206e-01
2.392454312119768334e-01
2.392454312226801882e-01
2.392454311935173217e-01
2.392454312187398957e-01
2.392454312035192654e-01
2.392454311833114022e-01
2.392454312102938185e-01
2.392454312189178089e-01
2.392454312117444637e-01
2.392454312043177656e-01
2.392454312002974259e-01
2.392454312290512031e-01
2.392454311983813198e-01
2.392454311825221447e-01
2.392454311985028892e-01
2.392454312026009999e-01
2.392454313439652536e-01
2.392454289541582901e-01
2.392454718086824694e-01
2.392447025202000255e-01
2.392585069784085861e-01
2.390107956688123647e-01
2.434557951368866990e-01
1.636935159923773031e-01
4.891272137243241613e-01
4.891272137298026679e-01
1.636935159909647108e-01
2.434557951255778285e-01
2.390107956725997240e-01
2.392585069969931644e-01
2.392447025387066106e-01
2.392454717998956093e-01
2.392454289498047171e-01
2.392454313473410810e-01
2.392454312079295708e-01
2.392454312092924529e-01
2.392454311887872165e-01
2.392454312029676511e-01
2.392454312288592178e-01
2.392454312075343037e-01
2.392454312167623387e-01
2.392454311854594062e-01
2.392454312087456958e-01
2.392454311917334153e-01
2.392454311874493422e-01
2.392454312164015995e-01
2.392454312018714169e-01
2.392454311885194862e-01
2.392454312050273368e-01
2.392454312091231716e-01
2.392454312088865276e-01
2.392454312073912515e-01
2.392454312066479294e-01
2.392454312084270063e-01
2.392454311931457023e-01
2.392454312132862859e-01
2.392454312386188275e-01
2.392454312152171580e-01
2.392454311917639187e-01
2.392454312027195995e-01
2.392454312028610974e-01
2.392454312078880208e-01
2.392454312070948219e-01
2.392454312030158625e-01
2.392454312036645103e-01
2.392454311950446277e-01
2.392454312073089284e-01
2.392454312159586205e-01
2.392454311858702720e-01
2.392454311911979270e-01
2.392454312090759594e-01
2.392454311890962193e-01
2.392454312205281597e-01
2.392454312040415421e-01
2.392454312219378376e-01
2.392454312021286833e-01
2.392454311912528275e-01
2.392454312078735601e-01
2.392454312048078457e-01
2.392454313439973945e-01
2.392454289423107394e-01
2.392454717915791784e-01
2.392447025352928969e-01
2.392585069934831943e-01
2.390107956648823695e-01
2.434557951208906612e-01
1.636935159915394455e-01
4.891272137277393184e-01
4.891272137349788052e-01
1.636935159818237728e-01
2.434557951140101373e-01
2.390107956495814978e-01
2.392585070034093930e-01
2.392447025093360213e-01
2.392454717850288348e-01
2.392454289096506703e-01
2.392454313429345780e-01
2.392454311998955530e-01
2.392454312085731116e-01
2.392454312066017441e-01
2.392454311992116001e-01
2.392454312031799812e-01
2.392454312193715293e-01
2.392454312085932622e-01
2.392454312126711391e-01
2.392454312046249643e-01
2.392454312059268118e-01
2.392454312161094721e-01
2.392454312276200701e-01
2.392454312134140726e-01
2.392454312006969119e-01
2.392454311889326557e-01
2.392454312001805194e-01
2.392454312037815278e-01
2.392454312131980232e-01
2.392454312131685745e-01
2.392454312030169450e-01
2.392454311824873392e-01
2.392454312100078806e-01
2.392454312042422426e-01
2.392454312066488176e-01
2.392454311821389790e-01
2.392454312070085021e-01
2.392454312154475293e-01
2.392454312121360394e-01
2.392454312062921029e-01
2.392454312069773326e-01
2.392454311907439568e-01
2.392454311953346735e-01
2.392454312096782554e-01
2.392454312283459894e-01
2.392454312158200369e-01
2.392454312042015807e-01
2.392454312036974007e-01
2.392454312093152125e-01
2.392454312036989272e-01
2.392454312216363288e-01
2.392454312132458183e-01
2.392454312072177791e-01
2.392454312085010026e-01
2.392454312082430978e-01
2.392454311991457083e-01
2.392454313437536728e-01
2.392454289157917580e-01
2.392454717939484776e-01
2.392447025146585693e-01
2.392585070061463703e-01
2.390107956532762090e-01
2.434557951162320266e-01
1.636935159808759477e-01
4.891272137342222437e-01
4.891272137315597068e-01
1.636935159771775727e-01
2.434557951282411981e-01
2.390107956620654284e-01
2.392585070276187498e-01
2.392447025362245960e-01
2.392454717934359987e-01
2.392454289302214654e-01
2.392454313305878710e-01
2.392454312055582732e-01
2.392454312233851521e-01
2.392454312103580172e-01
2.392454312181386267e-01
2.392454311894114394e-01
2.392454312233867064e-01
2.392454311972725955e-01
2.392454311900563957e-01
2.392454311915128695e-01
2.392454312030653507e-01
2.392454312279841122e-01
2.392454312251715010e-01
2.392454311924653299e-01
2.392454311897339037e-01
2.392454311792913679e-01
2.392454311986140780e-01
2.392454312125367188e-01
2.392454312149311368e-01
2.392454312184604248e-01
2.392454312065084854e-01
2.392454311957197544e-01
2.392454312114883630e-01
2.392454312203973754e-01
2.392454312153974860e-01
2.392454311967255332e-01
2.392454312028000907e-01
2.392454312160194330e-01
2.392454312156067076e-01
2.392454312107439585e-01
2.392454311939038458e-01
2.392454311785562615e-01
2.392454311933808198e-01
2.392454311934293365e-01
2.392454312233576741e-01
2.392454312293512964e-01
2.392454312060902366e-01
2.392454311918625343e-01
2.392454311911786369e-01
2.392454312010540984e-01
2.392454312216296675e-01
2.392454311775486231e-01
2.392454312047649356e-01
2.392454312047009590e-01
2.392454312248488424e-01
2.392454312091049917e-01
2.392454313326458637e-01
2.392454289282062996e-01
2.392454717880007353e-01
2.392447025315524445e-01
2.392585070258243796e-01
2.390107956610943996e-01
2.434557951272728893e-01
1.636935159775412263e-01
4.891272137348297022e-01
4.891272137289761623e-01
1.636935159712116783e-01
2.434557951192629632e-01
2.390107956574453463e-01
2.392585070185224982e-01
2.392447025264061167e-01
2.392454717853214896e-01
2.392454289217813279e-01
2.392454313192948212e-01
2.392454311990511451e-01
2.392454312228391167e-01
2.392454312252664805e-01
2.392454311862093896e-01
2.392454311930924393e-01
2.392454312038475306e-01
2.392454312259975902e-01
2.392454311980690973e-01
2.392454311922369292e-01
2.392454312039712094e-01
2.392454312433679731e-01
2.392454312219547130e-01
2.392454312101487957e-01
2.392454311913987941e-01
2.392454311919884058e-01
2.392454312060577903e-01
2.392454312025165120e-01
2.392454312185692822e-01
2.392454312065439292e-01
2.392454312117246185e-01
2.392454311922757870e-01
2.392454312037618769e-01
2.392454311987172733e-01
2.392454312004816674e-01
2.392454311922932453e-01
2.392454312168560693e-01
2.392454312108125702e-01
2.392454312187452248e-01
2.392454312020964591e-01
2.392454312061851607e-01
2.392454311900565067e-01
2.392454311893395524e-01
2.392454312127558769e-01
2.392454312265354099e-01
2.392454312436266550e-01
2.392454312017606721e-01
2.392454311932619981e-01
2.392454312002214034e-01
2.392454312253401438e-01
2.392454312056559174e-01
2.392454312037026187e-01
2.392454311999918926e-01
2.392454312316444620e-01
2.392454312211767520e-01
2.392454311959359980e-01
2.392454313166985369e-01
2.392454289189681060e-01
2.392454717850611423e-01
2.392447025296794427e-01
2.392585070211235010e-01
2.390107956581175863e-01
2.434557951209390669e-01
1.636935159727198885e-01
4.891272137247451579e-01
4.891272137065416636e-01
1.636935159759548009e-01
2.434557951278494836e-01
2.390107956638623521e-01
2.392585070094333244e-01
2.392447025231511926e-01
2.392454717819529897e-01
2.392454289303490578e-01
2.392454313326536908e-01
2.392454311850525928e-01
2.392454312282972506e-01
2.392454312040862285e-01
2.392454312125901761e-01
2.392454311760443542e-01
2.392454311818588975e-01
2.392454312216304446e-01
2.392454311797703459e-01
2.392454311966009384e-01
2.392454311841282766e-01
2.392454312257150384e-01
2.392454312081070400e-01
2.392454311984595350e-01
2.392454311833140390e-01
2.392454311727797711e-01
2.392454312057699373e-01
2.392454311961472735e-01
2.392454312124430715e-01
2.392454312170941289e-01
2.392454312026553731e-01
2.392454312038734265e-01
2.392454311940455103e-01
2.392454311950904522e-01
2.392454311957990798e-01
2.392454312019456630e-01
2.392454311959773539e-01
2.392454312115275539e-01
2.392454312120738114e-01
2.392454311995156901e-01
2.392454312104105307e-01
2.392454311769366682e-01
2.392454311836223757e-01
2.392454311923893351e-01
2.392454311996366767e-01
2.392454312212322354e-01
2.392454311835208736e-01
2.392454311944602618e-01
2.392454311751389950e-01
2.392454312185973431e-01
2.392454311796498312e-01
2.392454311690762891e-01
2.392454312029076158e-01
2.392454312000811822e-01
2.392454312295584640e-01
2.392454311843885406e-01
2.392454313322722737e-01
2.392454289360999575e-01
2.392454717875020787e-01
2.392447025209018807e-01
2.392585070050729790e-01
2.390107956628056418e-01
2.434557951252715735e-01
1.636935159720289135e-01
4.891272137092798622e-01
4.891272139744462510e-01
1.636935160561357183e-01
2.434557952694682836e-01
2.390107957968925223e-01
2.392585071243747419e-01
2.392447026482722172e-01
2.392454719464813251e-01
2.392454290720740784e-01
2.392454314650067082e-01
2.392454312977316810e-01
2.392454313432009205e-01
2.392454313404464294e-01
2.392454313381056075e-01
2.392454313101056718e-01
2.392454313125448595e-01
2.392454313546818756e-01
2.392454313239056052e-01
2.392454313200606253e-01
2.392454313268010113e-01
2.392454313289142376e-01
2.392454313428339641e-01
2.392454313376678465e-01
2.392454313190447435e-01
2.392454313441389202e-01
2.392454313452702375e-01
2.392454313383122200e-01
2.392454313282235123e-01
2.392454313211899164e-01
2.392454313304496483e-01
2.392454313290763024e-01
2.392454313212321326e-01
2.392454313088543671e-01
2.392454313216653694e-01
2.392454313330635296e-01
2.392454313372016916e-01
2.392454313256834608e-01
2.392454313269299915e-01
2.392454313321892012e-01
2.392454313379305531e-01
2.392454313397717469e-01
2.392454313205404082e-01
2.392454313454971948e-01
2.392454313541203248e-01
2.392454313382944009e-01
2.392454313309487490e-01
2.392454313222041884e-01
2.392454313286859202e-01
2.392454313599435833e-01
2.392454313151281819e-01
2.392454313132864607e-01
2.392454313428058199e-01
2.392454313412806788e-01
2.392454313424379753e-01
2.392454313033353930e-01
2.392454314708387653e-01
2.392454290668695194e-01
2.392454719386475637e-01
2.392447026508464081e-01
2.392585071303932609e-01
2.390107957974912656e-01
2.434557952716841500e-01
1.636935160622145780e-01
4.891272139754060944e-01
4.891272090984535303e-01
1.636935144277631149e-01
2.434557928572483043e-01
2.390107934128311296e-01
2.392585047486814886e-01
2.392447002470788342e-01
2.392454695555534250e-01
2.392454266944654684e-01
2.392454290906738112e-01
2.392454289196327688e-01
2.392454289294915493e-01
2.392454289519827249e-01
2.392454289555416280e-01
2.392454289295521952e-01
2.392454289262337663e-01
2.392454289634801390e-01
2.392454289514209520e-01
2.392454289361643227e-01
2.392454289388142863e-01
2.392454289413426249e-01
2.392454289559819147e-01
2.392454289501530218e-01
2.392454289407629497e-01
2.392454289302685666e-01
2.392454289478638252e-01
2.392454289484283181e-01
2.392454289416942326e-01
2.392454289383252330e-01
2.392454289535601575e-01
2.392454289461918293e-01
2.392454289482008611e-01
2.392454289147492585e-01
2.392454289453163352e-01
2.392454289406174273e-01
2.392454289482977559e-01
2.392454289369963516e-01
2.392454289454001015e-01
2.392454289556359415e-01
2.392454289547652768e-01
2.392454289325857963e-01
2.392454289379271903e-01
2.392454289434304271e-01
2.392454289452199401e-01
2.392454289292439418e-01
2.392454289322759609e-01
2.392454289354907782e-01
2.392454289489545916e-01
2.392454289581960325e-01
2.392454289235685372e-01
2.392454289281706614e-01
2.392454289528303524e-01
2.392454289522329136e-01
2.392454289300584569e-01
2.392454289110627630e-01
2.392454290802334682e-01
2.392454266971739685e-01
2.392454695631008044e-01
2.392447002436488279e-01
2.392585047422896849e-01
2.390107934143745338e-01
2.434557928570467433e-01
1.636935144204479387e-01
4.891272090932321515e-01
4.891272967378452741e-01
1.636935437663981918e-01
2.434558364580227952e-01
2.390108362509857920e-01
2.392585475777700699e-01
2.392447431034886995e-01
2.392455124393284005e-01
2.392454695733020054e-01
2.392454719582020883e-01
2.392454717739466996e-01
2.392454717836369482e-01
2.392454718244760026e-01
2.392454718193037511e-01
2.392454718036792771e-01
2.392454717904294315e-01
2.392454718329597996e-01
2.392454718319815543e-01
2.392454718151431070e-01
2.392454718077778320e-01
2.392454717998677705e-01
2.392454717985890988e-01
2.392454718165133443e-01
2.392454718297741256e-01
2.392454718066948094e-01
2.392454718310750572e-01
2.392454718195083374e-01
2.392454718123607771e-01
2.392454718008947545e-01
2.392454718146311277e-01
2.392454718277591263e-01
2.392454718118564583e-01
2.392454718034205119e-01
2.392454718170040073e-01
2.392454718346014864e-01
2.392454718184345297e-01
2.392454717998471758e-01
2.392454718080067044e-01
2.392454718135968161e-01
2.392454718264553915e-01
2.392454718065487040e-01
2.392454718324808771e-01
2.392454718194778063e-01
2.392454718052390017e-01
2.392454718109530698e-01
2.392454718142658365e-01
2.392454718134598701e-01
2.392454718314213913e-01
2.392454718369909361e-01
2.392454717928193253e-01
2.392454718053750873e-01
2.392454718241005251e-01
2.392454718266401881e-01
2.392454717833961964e-01
2.392454717821104471e-01
2.392454719698893506e-01
2.392454695727405101e-01
2.392455124332507899e-01
2.392447431075670761e-01
2.392585475835981579e-01
2.390108362473331305e-01
2.434558364565976574e-01
1.636935437743748389e-01
4.891272967457437337e-01
4.891257239649421384e-01
1.636930174124399118e-01
2.434550536302873547e-01
2.390100676953899050e-01
2.392577782555782573e-01
2.392439738103324942e-01
2.392447431410618108e-01
2.392447002838734016e-01
2.392447026672436250e-01
2.392447024928120447e-01
2.392447024784476184e-01
2.392447025394805471e-01
2.392447025321687293e-01
2.392447025114705916e-01
2.392447024927902843e-01
2.392447025338819699e-01
2.392447025223707058e-01
2.392447025164364804e-01
2.392447025165590491e-01
2.392447025123145554e-01
2.392447025010565054e-01
2.392447025025884189e-01
2.392447025342376854e-01
2.392447025130598204e-01
2.392447025222532997e-01
2.392447025203332245e-01
2.392447025014776407e-01
2.392447025051797072e-01
2.392447025197923238e-01
2.392447025496779178e-01
2.392447025331735089e-01
2.392447025061832933e-01
2.392447025266059013e-01
2.392447025417677176e-01
2.392447025155501894e-01
2.392447025046192111e-01
2.392447025021647300e-01
2.392447025224366253e-01
2.392447025247657066e-01
2.392447025129097460e-01
2.392447025331733979e-01
2.392447025039570740e-01
2.392447024999057870e-01
2.392447025053910381e-01
2.392447025125784832e-01
2.392447025200509503e-01
2.392447025241820902e-01
2.392447025303519048e-01
2.392447024908455344e-01
2.392447025089765866e-01
2.392447025234057389e-01
2.392447025324341003e-01
2.392447024775358755e-01
2.392447024873448347e-01
2.392447026578905511e-01
2.392447002845352888e-01
2.392447431468593400e-01
2.392439738069793986e-01
2.392577782507405437e-01
2.390100676991399331e-01
2.434550536312556634e-01
1.636930174039976649e-01
4.891257239570535043e-01
4.891539466231796807e-01
1.637024625339776052e-01
2.434691010344900985e-01
2.390238586309122171e-01
2.392715834876863179e-01
2.392577782243603401e-01
2.392585476305121028e-01
2.392585047479106330e-01
2.392585071235683869e-01
2.392585069677865273e-01
2.392585069683120791e-01
2.392585070168362360e-01
2.392585070052319629e-01
2.392585069988007185e-01
2.392585069883464977e-01
2.392585069979389356e-01
2.392585070217342902e-01
2.392585069969213885e-01
2.392585070014948412e-01
2.392585069910077300e-01
2.392585069626434469e-01
2.392585070013765747e-01
2.392585070261713798e-01
2.392585070058850516e-01
2.392585070048464657e-01
2.392585069750629845e-01
2.392585069945903919e-01
2.392585069663642205e-01
2.392585069890973415e-01
2.392585070120085700e-01
2.392585069861015712e-01
2.392585069832490197e-01
2.392585069927821162e-01
2.392585070206459941e-01
2.392585069960481148e-01
2.392585069729901148e-01
2.392585070015506576e-01
2.392585069781850426e-01
2.392585070028784011e-01
2.392585070037514527e-01
2.392585070247952028e-01
2.392585069975175782e-01
2.392585069599050263e-01
2.392585069930387442e-01
2.392585070019137838e-01
2.392585069927279096e-01
2.392585070216087240e-01
2.392585070029099314e-01
2.392585069898841288e-01
2.392585070008678150e-01
2.392585070165551830e-01
2.392585070287533699e-01
2.392585069716036128e-01
2.392585069708644263e-01
2.392585071291917498e-01
2.392585047454856839e-01
2.392585476234278530e-01
2.392577782256474217e-01
2.392715834920123574e-01
2.390238586296627443e-01
2.434691010363973507e-01
1.637024625427592750e-01
4.891539466285858007e-01
4.886475112515670238e-01
1.635329765932821144e-01
2.432170303585768911e-01
2.387763902245135794e-01
2.390238586201754722e-01
2.390100676671878532e-01
2.390108362325376323e-01
2.390107934393429778e-01
2.390107957756072432e-01
2.390107956595881322e-01
2.390107956539819778e-01
2.390107956923752941e-01
2.390107956843773584e-01
2.390107956738767025e-01
2.390107956438571601e-01
2.390107956802430822e-01
2.390107956697347935e-01
2.390107956783189547e-01
2.390107956653287069e-01
2.390107956688310442e-01
2.390107956301838754e-01
2.390107956544243739e-01
2.390107956788971033e-01
2.390107956712851922e-01
2.390107956797475897e-01
2.390107956411615386e-01
2.390107956798491196e-01
2.390107956453415838e-01
2.390107956799877309e-01
2.390107956850217041e-01
2.390107956685649238e-01
2.390107956567603387e-01
2.390107956629565211e-01
2.390107956765490371e-01
2.390107956697930802e-01
2.390107956315663529e-01
2.390107956647982701e-01
2.390107956334211192e-01
2.390107956824048530e-01
2.390107956767456299e-01
2.390107956821473922e-01
2.390107956580068693e-01
2.390107956337506889e-01
2.390107956701698899e-01
2.390107956677808565e-01
2.390107956815596957e-01
2.390107956663115318e-01
2.390107956727388350e-01
2.390107956425814306e-01
2.390107956737252126e-01
2.390107956736999550e-01
2.390107956781537257e-01
2.390107956480184981e-01
2.390107956571350112e-01
2.390107957728428989e-01
2.390107934436423720e-01
2.390108362412093346e-01
2.390100676684278613e-01
2.390238586162184986e-01
2.387763902222401480e-01
2.432170303532790734e-01
1.635329765850114525e-01
4.886475112498028239e-01
4.977351255563532972e-01
1.665742785252434521e-01
2.477402551863563396e-01
2.432170303601816908e-01
2.434691010312789172e-01
2.434550536127464970e-01
2.434558364734028535e-01
2.434557928324549703e-01
2.434557952533104586e-01
2.434557951349731741e-01
2.434557951263532916e-01
2.434557951438791334e-01
2.434557951359872796e-01
2.434557951450307678e-01
2.434557951213496274e-01
2.434557951324995417e-01
2.434557951258425612e-01
2.434557951534769005e-01
2.434557951390909913e-01
2.434557951431562117e-01
2.434557951213616456e-01
2.434557951371990325e-01
2.434557951402295806e-01
2.434557951589058633e-01
2.434557951407571308e-01
2.434557951093466177e-01
2.434557951292602995e-01
2.434557951211036575e-01
2.434557951335121206e-01
2.434557951416241595e-01
2.434557951386857044e-01
2.434557951394317743e-01
2.434557951424972944e-01
2.434557951485503136e-01
2.434557951445078805e-01
2.434557951378850671e-01
2.434557951474621285e-01
2.434557951185719882e-01
2.434557951375273810e-01
2.434557951517919705e-01
2.434557951366108641e-01
2.434557951354521799e-01
2.434557951191761993e-01
2.434557951407337051e-01
2.434557951355355021e-01
2.434557951517192509e-01
2.434557951316727309e-01
2.434557951410807886e-01
2.434557951223778050e-01
2.434557951433226619e-01
2.434557951435301071e-01
2.434557951566808653e-01
2.434557951334269943e-01
2.434557951377588347e-01
2.434557952547212745e-01
2.434557928276195882e-01
2.434558364647430584e-01
2.434550536099551743e-01
2.434691010345297335e-01
2.432170303646193632e-01
2.477402551930736330e-01
1.665742785319722918e-01
4.977351255553982834e-01
3.346645031953445204e-01
1.120003296991060188e-01
1.665742785173562890e-01
1.635329765723660955e-01
1.637024625376389819e-01
1.636930174004105065e-01
1.636935437595720411e-01
1.636935144246465801e-01
1.636935160616158624e-01
1.636935159732209599e-01
1.636935159908591841e-01
1.636935159747636148e-01
1.636935159853204758e-01
1.636935159866330924e-01
1.636935159724683397e-01
1.636935159860871125e-01
1.636935159772368309e-01
1.636935159913918691e-01
1.636935159749023372e-01
1.636935159757680336e-01
1.636935159814200957e-01
1.636935159738623635e-01
1.636935159669870299e-01
1.636935159829840392e-01
1.636935159745455948e-01
1.636935159711545296e-01
1.636935159898818548e-01
1.636935159911904192e-01
1.636935159856324207e-01
1.636935159765691705e-01
1.636935159776141679e-01
1.636935159811306884e-01
1.636935159755983082e-01
1.636935159722306132e-01
1.636935159774526860e-01
1.636935159782169913e-01
1.636935159759790592e-01
1.636935159642264603e-01
1.636935159771132076e-01
1.636935159885797297e-01
1.636935159695831477e-01
1.636935159742470836e-01
1.636935159821737429e-01
1.636935159775796400e-01
1.636935159775832482e-01
1.636935159919503946e-01
1.636935159721231436e-01
1.636935159795145367e-01
1.636935159717520238e-01
1.636935159886308000e-01
1.636935159814340568e-01
1.636935159665792450e-01
1.636935159854251143e-01
1.636935159707730569e-01
1.636935160608326001e-01
1.636935144281027321e-01
1.636935437656372450e-01
1.636930174028681517e-01
1.637024625355878449e-01
1.635329765684078451e-01
1.665742785120312708e-01
1.120003296949580868e-01
3.346645031970391093e-01
9.999999999999636957e-01
3.346645032059724079e-01
4.977351255507506123e-01
4.886475112444489399e-01
4.891539466464776553e-01
4.891257239838132653e-01
4.891272967402831018e-01
4.891272090543278828e-01
4.891272139919078388e-01
4.891272137459493630e-01
4.891272137353481209e-01
4.891272137046387969e-01
4.891272136951603233e-01
4.891272137392048691e-01
4.891272137397152386e-01
4.891272137150477484e-01
4.891272137104601403e-01
4.891272137249615959e-01
4.891272137197861802e-01
4.891272137196573389e-01
4.891272137763045258e-01
4.891272137132455788e-01
4.891272137096658867e-01
4.891272137097761874e-01
4.891272137183296231e-01
4.891272137476331272e-01
4.891272137217911875e-01
4.891272137557224342e-01
4.891272137338577575e-01
4.891272136761496969e-01
4.891272137342267401e-01
4.891272137357675076e-01
4.891272137341630688e-01
4.891272136760780875e-01
4.891272137339060522e-01
4.891272137559547484e-01
4.891272137220916694e-01
4.891272137477480908e-01
4.891272137181706392e-01
4.891272137096253636e-01
4.891272137097097406e-01
4.891272137134282660e-01
4.891272137764137717e-01
4.891272137196572833e-01
4.891272137196786551e-01
4.891272137249117469e-01
4.891272137106078000e-01
4.891272137152287702e-01
4.891272137396525665e-01
4.891272137389759411e-01
4.891272136950797211e-01
4.891272137047424917e-01
4.891272137354367722e-01
4.891272137459712899e-01
4.891272139918801387e-01
4.891272090541974316e-01
4.891272967400787097e-01
4.891257239836289128e-01
4.891539466464495112e-01
4.886475112445470836e-01
4.977351255508392081e-01
3.346645032060271974e-01
9.999999999998556710e-01
