1.000000000000000000e+00
3.346645031931846370e-01
4.977351255524339879e-01
4.886475112401685306e-01
4.891539466200452435e-01
4.891257239542656232e-01
4.891272967454067810e-01
4.891272090955638419e-01
4.891272139800148522e-01
4.891272137082192661e-01
4.891272137293128375e-01
4.891272137226903571e-01
4.891272137272650866e-01
4.891272137112383511e-01
4.891272137372781881e-01
4.891272137061882797e-01
4.891272137373903761e-01
4.891272137112405161e-01
4.891272137272426046e-01
4.891272137226861383e-01
4.891272137290939015e-01
4.891272137078941928e-01
4.891272139800403318e-01
4.891272090958697638e-01
4.891272967455193577e-01
4.891257239541386692e-01
4.891539466199625874e-01
4.886475112401332255e-01
4.977351255522966533e-01
3.346645031930187697e-01
1.000000000000073275e+00
3.346645031933632719e-01
1.120003296939798137e-01
1.665742785069536103e-01
1.635329765872285401e-01
1.637024625309910497e-01
1.636930174029822549e-01
1.636935437592736131e-01
1.636935144344825455e-01
1.636935160589556293e-01
1.636935159711171428e-01
1.636935159778469540e-01
1.636935159742433366e-01
1.636935159726746469e-01
1.636935159739244250e-01
1.636935159786993277e-01
1.636935159852855592e-01
1.636935159749318969e-01
1.636935159745412649e-01
1.636935159758106662e-01
1.636935159765613157e-01
1.636935159845588350e-01
1.636935159802455075e-01
1.636935160606776407e-01
1.636935144302366363e-01
1.636935437580392949e-01
1.636930174047507569e-01
1.637024625309867754e-01
1.635329765870547902e-01
1.665742785100953749e-01
1.120003296975764090e-01
3.346645031921485214e-01
4.977351255520240936e-01
1.665742785240161838e-01
2.477402552148650905e-01
2.432170303634868247e-01
2.434691010388498056e-01
2.434550536260825793e-01
2.434558364564701205e-01
2.434557928335729926e-01
2.434557952690306892e-01
2.434557951287851241e-01
2.434557951380789398e-01
2.434557951332626813e-01
2.434557951474570492e-01
2.434557951344807070e-01
2.434557951395321385e-01
2.434557951288918720e-01
2.434557951455427194e-01
2.434557951332524395e-01
2.434557951425492528e-01
2.434557951311712987e-01
2.434557951306528245e-01
2.434557951173305368e-01
2.434557952666628611e-01
2.434557928382974357e-01
2.434558364572567135e-01
2.434550536243280661e-01
2.434691010403865485e-01
2.432170303649004162e-01
2.477402552113813494e-01
1.665742785195087894e-01
4.977351255531595742e-01
4.886475112382662189e-01
1.635329765844790451e-01
2.432170303607887607e-01
2.387763902455898868e-01
2.390238586317081082e-01
2.390100676901311672e-01
2.390108362330295166e-01
2.390107934055832328e-01
2.390107957916922932e-01
2.390107956525213406e-01
2.390107956506840325e-01
2.390107956643398035e-01
2.390107956633780173e-01
2.390107956650628085e-01
2.390107956713529158e-01
2.390107956614980766e-01
2.390107956643017506e-01
2.390107956666303046e-01
2.390107956687182456e-01
2.390107956646312926e-01
2.390107956549764046e-01
2.390107956614069273e-01
2.390107957935159733e-01
2.390107934022826230e-01
2.390108362326121005e-01
2.390100676895730303e-01
2.390238586277894373e-01
2.387763902431137009e-01
2.432170303629542785e-01
1.635329765877163166e-01
4.886475112381258867e-01
4.891539466272333825e-01
1.637024625296149005e-01
2.434691010406054568e-01
2.390238586257634745e-01
2.392715835012670655e-01
2.392577782655718743e-01
2.392585476026602709e-01
2.392585047251714891e-01
2.392585071261246477e-01
2.392585069951575216e-01
2.392585069951893295e-01
2.392585069919250795e-01
2.392585070031839900e-01
2.392585069873775228e-01
2.392585069991194913e-01
2.392585069909754225e-01
2.392585070058504959e-01
2.392585069861518365e-01
2.392585069991168545e-01
2.392585069937469000e-01
2.392585069948225951e-01
2.392585069911233042e-01
2.392585071262109953e-01
2.392585047275554710e-01
2.392585476045390458e-01
2.392577782702274003e-01
2.392715835067993346e-01
2.390238586276635380e-01
2.434691010401547617e-01
1.637024625291687019e-01
4.891539466263189473e-01
4.891257239465146012e-01
1.636930173987958814e-01
2.434550536323167036e-01
2.390100676941634972e-01
2.392577782685386678e-01
2.392439738347142963e-01
2.392447431223307108e-01
2.392447002559452418e-01
2.392447026465038817e-01
2.392447025071708921e-01
2.392447025111696657e-01
2.392447025102207303e-01
2.392447025265727889e-01
2.392447025130498839e-01
2.392447025232105340e-01
2.392447025088280110e-01
2.392447025179660069e-01
2.392447025134308292e-01
2.392447025283379325e-01
2.392447025075255806e-01
2.392447025100861435e-01
2.392447025076006317e-01
2.392447026441405500e-01
2.392447002530801448e-01
2.392447431178307549e-01
2.392439738265181859e-01
2.392577782631969963e-01
2.390100676941859237e-01
2.434550536314235014e-01
1.636930173962033996e-01
4.891257239475551022e-01
4.891272967514856407e-01
1.636935437541173766e-01
2.434558364532881936e-01
2.390108362325192304e-01
2.392585476019853663e-01
2.392447431215555809e-01
2.392455124179832804e-01
2.392454695504543372e-01
2.392454719343939384e-01
2.392454718097175026e-01
2.392454718183407159e-01
2.392454718112076995e-01
2.392454718139745140e-01
2.392454718135277880e-01
2.392454718043461048e-01
2.392454718110858525e-01
2.392454718073531439e-01
2.392454718136800274e-01
2.392454718141650005e-01
2.392454718131837021e-01
2.392454718183530671e-01
2.392454718106651890e-01
2.392454719382126616e-01
2.392454695536481990e-01
2.392455124232979458e-01
2.392447431301726046e-01
2.392585476061057093e-01
2.390108362317043822e-01
2.434558364555064192e-01
1.636935437586686526e-01
4.891272967514979642e-01
4.891272090994477906e-01
1.636935144265473097e-01
2.434557928260328574e-01
2.390107934133014478e-01
2.392585047334190307e-01
2.392447002517734123e-01
2.392454695516751106e-01
2.392454266813887342e-01
2.392454290642217207e-01
2.392454289359000064e-01
2.392454289512133681e-01
2.392454289350733065e-01
2.392454289443650406e-01
2.392454289346912788e-01
2.392454289438311343e-01
2.392454289501680376e-01
2.392454289429455927e-01
2.392454289349011942e-01
2.392454289438014359e-01
2.392454289345624374e-01
2.392454289522698008e-01
2.392454289341853779e-01
2.392454290599689004e-01
2.392454266792815865e-01
2.392454695488374083e-01
2.392447002461026984e-01
2.392585047298284029e-01
2.390107934117804978e-01
2.434557928224525547e-01
1.636935144223698457e-01
4.891272090978986409e-01
4.891272139768993443e-01
1.636935160579623405e-01
2.434557952610780229e-01
2.390107957883847167e-01
2.392585071151959730e-01
2.392447026398720478e-01
2.392454719428192822e-01
2.392454290697454411e-01
2.392454314480583766e-01
2.392454313252735665e-01
2.392454313418735379e-01
2.392454313265845456e-01
2.392454313321804860e-01
2.392454313366644270e-01
2.392454313245234720e-01
2.392454313303605251e-01
2.392454313244481157e-01
2.392454313356773277e-01
2.392454313315509895e-01
2.392454313261572763e-01
2.392454313420858403e-01
2.392454313289623657e-01
2.392454314527133197e-01
2.392454290707098918e-01
2.392454719424797760e-01
2.392447026419130540e-01
2.392585071198117530e-01
2.390107957944414552e-01
2.434557952650648338e-01
1.636935160589426397e-01
4.891272139796408736e-01
4.891272137166755019e-01
1.636935159703592213e-01
2.434557951412441301e-01
2.390107956548098989e-01
2.392585069892626537e-01
2.392447025091751778e-01
2.392454718137922987e-01
2.392454289371797882e-01
2.392454313228298823e-01
2.392454311871003714e-01
2.392454312073628853e-01
2.392454311900630848e-01
2.392454311954312629e-01
2.392454311976842662e-01
2.392454311977133263e-01
2.392454312027930130e-01
2.392454311970439174e-01
2.392454311986791649e-01
2.392454311973076231e-01
2.392454311899767094e-01
2.392454312034876518e-01
2.392454311802953149e-01
2.392454313170583324e-01
2.392454289348792118e-01
2.392454718136868830e-01
2.392447025082512779e-01
2.392585069830062416e-01
2.390107956451966442e-01
2.434557951387698871e-01
1.636935159743157508e-01
4.891272137134222708e-01
4.891272137158902966e-01
1.636935159790571248e-01
2.434557951441246593e-01
2.390107956581411508e-01
2.392585069919823393e-01
2.392447025126873128e-01
2.392454718146090342e-01
2.392454289362253295e-01
2.392454313231541230e-01
2.392454311907599995e-01
2.392454312092268942e-01
2.392454311967636693e-01
2.392454312088789503e-01
2.392454312052888499e-01
2.392454312061565447e-01
2.392454312026139895e-01
2.392454312087365087e-01
2.392454312058728549e-01
2.392454312074255574e-01
2.392454311988241045e-01
2.392454312171476138e-01
2.392454311999304140e-01
2.392454313299607060e-01
2.392454289424253144e-01
2.392454718197595809e-01
2.392447025156453910e-01
2.392585069987285262e-01
2.390107956680053714e-01
2.434557951439849932e-01
1.636935159711186416e-01
4.891272137191284286e-01
4.891272137212087645e-01
1.636935159802783146e-01
2.434557951413531263e-01
2.390107956640902809e-01
2.392585069975207979e-01
2.392447025155923224e-01
2.392454718231134814e-01
2.392454289462488948e-01
2.392454313352019857e-01
2.392454312033823749e-01
2.392454312130004312e-01
2.392454312065271371e-01
2.392454311994021421e-01
2.392454312132851757e-01
2.392454312029905217e-01
2.392454312087724522e-01
2.392454311988423121e-01
2.392454312101433556e-01
2.392454311984211213e-01
2.392454312019438034e-01
2.392454312027308683e-01
2.392454311940813150e-01
2.392454313290323931e-01
2.392454289370571086e-01
2.392454718124067681e-01
2.392447025099483093e-01
2.392585069922443242e-01
2.390107956567877889e-01
2.434557951430454392e-01
1.636935159888811553e-01
4.891272137185073143e-01
4.891272137222699712e-01
1.636935159835714304e-01
2.434557951385911967e-01
2.390107956671218281e-01
2.392585069945144804e-01
2.392447025155747808e-01
2.392454718064399577e-01
2.392454289434268189e-01
2.392454313272910082e-01
2.392454311830153058e-01
2.392454311966227543e-01
2.392454312001934535e-01
2.392454312025170671e-01
2.392454312067456013e-01
2.392454312000387440e-01
2.392454312065483424e-01
2.392454312040205311e-01
2.392454312117303084e-01
2.392454312064527244e-01
2.392454312063978794e-01
2.392454312067489042e-01
2.392454311907113718e-01
2.392454313308701730e-01
2.392454289510773935e-01
2.392454718178306239e-01
2.392447025216205558e-01
2.392585069972042733e-01
2.390107956712861914e-01
2.434557951375879992e-01
1.636935159775483872e-01
4.891272137235417317e-01
4.891272137236194473e-01
1.636935159769995207e-01
2.434557951326788983e-01
2.390107956645914078e-01
2.392585069956492116e-01
2.392447025184204212e-01
2.392454718028615701e-01
2.392454289473854301e-01
2.392454313330832083e-01
2.392454312037856079e-01
2.392454312119610682e-01
2.392454312109855985e-01
2.392454312056003229e-01
2.392454312081137846e-01
2.392454312004655137e-01
2.392454312110493808e-01
2.392454311985571791e-01
2.392454312032875618e-01
2.392454312002361694e-01
2.392454312053794718e-01
2.392454312039972442e-01
2.392454311976256187e-01
2.392454313322196491e-01
2.392454289455799576e-01
2.392454717970648459e-01
2.392447025148543571e-01
2.392585069950919074e-01
2.390107956627750552e-01
2.434557951320918123e-01
1.636935159795117611e-01
4.891272137247591467e-01
4.891272137227318795e-01
1.636935159738123480e-01
2.434557951335171166e-01
2.390107956595080574e-01
2.392585070005773529e-01
2.392447025242576963e-01
2.392454718067880959e-01
2.392454289430582248e-01
2.392454313343538863e-01
2.392454311960524327e-01
2.392454311951326684e-01
2.392454312100424085e-01
2.392454312004399786e-01
2.392454312033230335e-01
2.392454312043868492e-01
2.392454312082901435e-01
2.392454312035029729e-01
2.392454312061304544e-01
2.392454312047726239e-01
2.392454312127939020e-01
2.392454311997285199e-01
2.392454312017791573e-01
2.392454313346544514e-01
2.392454289387209720e-01
2.392454718043215134e-01
2.392447025242165348e-01
2.392585070001992109e-01
2.390107956594719751e-01
2.434557951343752913e-01
1.636935159734559941e-01
4.891272137191225999e-01
4.891272137286571398e-01
1.636935159758130531e-01
2.434557951349545224e-01
2.390107956611877138e-01
2.392585069930241171e-01
2.392447025214533007e-01
2.392454717985653123e-01
2.392454289408083024e-01
2.392454313412185896e-01
2.392454312009862083e-01
2.392454311964905822e-01
2.392454312127013372e-01
2.392454312047994913e-01
2.392454311979582970e-01
2.392454312089389024e-01
2.392454311937838030e-01
2.392454312116727155e-01
2.392454311977308401e-01
2.392454312031212782e-01
2.392454312136153560e-01
2.392454311956430657e-01
2.392454311954239909e-01
2.392454313389996423e-01
2.392454289477431439e-01
2.392454718072482001e-01
2.392447025244382186e-01
2.392585069937230302e-01
2.390107956632969988e-01
2.434557951356593752e-01
1.636935159755229796e-01
4.891272137333110281e-01
4.891272137239666140e-01
1.636935159733406697e-01
2.434557951337230075e-01
2.390107956602426642e-01
2.392585070006109094e-01
2.392447025250601378e-01
2.392454718087818066e-01
2.392454289432366377e-01
2.392454313325340642e-01
2.392454311965200031e-01
2.392454311998992167e-01
2.392454312163630470e-01
2.392454312047448406e-01
2.392454312042271158e-01
2.392454312033962249e-01
2.392454312068380273e-01
2.392454312005646289e-01
2.392454312024165086e-01
2.392454312037065045e-01
2.392454312130739835e-01
2.392454311976263404e-01
2.392454312006735417e-01
2.392454313370312446e-01
2.392454289376456655e-01
2.392454717977228473e-01
2.392447025200135635e-01
2.392585069992400892e-01
2.390107956561707270e-01
2.434557951313603141e-01
1.636935159743087009e-01
4.891272137203573345e-01
4.891272137215105231e-01
1.636935159790271488e-01
2.434557951331503822e-01
2.390107956630065922e-01
2.392585069945833698e-01
2.392447025153712492e-01
2.392454717970169675e-01
2.392454289442742243e-01
2.392454313332138538e-01
2.392454312005241057e-01
2.392454312033520103e-01
2.392454312015448448e-01
2.392454311992270877e-01
2.392454312063318489e-01
2.392454312020445562e-01
2.392454312138985462e-01
2.392454312036571551e-01
2.392454312096314040e-01
2.392454312022525287e-01
2.392454312047819498e-01
2.392454312071717604e-01
2.392454311995137473e-01
2.392454313283649270e-01
2.392454289471409312e-01
2.392454718079313203e-01
2.392447025222014245e-01
2.392585069972236467e-01
2.390107956680836976e-01
2.434557951355973415e-01
1.636935159764947023e-01
4.891272137230210926e-01
4.891272137250185503e-01
1.636935159793629357e-01
2.434557951371396356e-01
2.390107956700264213e-01
2.392585069973874046e-01
2.392447025212017797e-01
2.392454718162025928e-01
2.392454289506688314e-01
2.392454313315230674e-01
2.392454311909353870e-01
2.392454312075483758e-01
2.392454312089057622e-01
2.392454312084282830e-01
2.392454312094157987e-01
2.392454311983709947e-01
2.392454312025946994e-01
2.392454311982784021e-01
2.392454312048282739e-01
2.392454312039526132e-01
2.392454312074057121e-01
2.392454312038508613e-01
2.392454311881662410e-01
2.392454313343799210e-01
2.392454289494956032e-01
2.392454718062224928e-01
2.392447025129856852e-01
2.392585069933656494e-01
2.390107956647925802e-01
2.434557951356612904e-01
1.636935159833774467e-01
4.891272137246884810e-01
4.891272137176663759e-01
1.636935159856490463e-01
2.434557951426261357e-01
2.390107956592711913e-01
2.392585069933436392e-01
2.392447025096739732e-01
2.392454718130319347e-01
2.392454289378726229e-01
2.392454313279951394e-01
2.392454311917746046e-01
2.392454312014427042e-01
2.392454312004876904e-01
2.392454311951010271e-01
2.392454312099505653e-01
2.392454312045386722e-01
2.392454312131634675e-01
2.392454312034219266e-01
2.392454312154676521e-01
2.392454312007381012e-01
2.392454312005613537e-01
2.392454312046492504e-01
2.392454311976705827e-01
2.392454313281229816e-01
2.392454289388505906e-01
2.392454718216703025e-01
2.392447025178476849e-01
2.392585069983052537e-01
2.390107956651102983e-01
2.434557951440770307e-01
1.636935159816033380e-01
4.891272137186443714e-01
4.891272137205000536e-01
1.636935159744654089e-01
2.434557951445707191e-01
2.390107956647855580e-01
2.392585069960480593e-01
2.392447025160269747e-01
2.392454718207978615e-01
2.392454289414902013e-01
2.392454313297006085e-01
2.392454312030091734e-01
2.392454312200174849e-01
2.392454312004869410e-01
2.392454312114988824e-01
2.392454312082882006e-01
2.392454312045101950e-01
2.392454311987467497e-01
2.392454312064815625e-01
2.392454312030909136e-01
2.392454312055567189e-01
2.392454312000499850e-01
2.392454312158425467e-01
2.392454311948795653e-01
2.392454313269914978e-01
2.392454289398283362e-01
2.392454718141100722e-01
2.392447025099365687e-01
2.392585069907870454e-01
2.390107956570473591e-01
2.434557951414741961e-01
1.636935159773039716e-01
4.891272137180108781e-01
4.891272137111956630e-01
1.636935159731121581e-01
2.434557951390308173e-01
2.390107956477146856e-01
2.392585069863912284e-01
2.392447025087884316e-01
2.392454718118394164e-01
2.392454289356049091e-01
2.392454313185031212e-01
2.392454311765940811e-01
2.392454311980394821e-01
2.392454311874105677e-01
2.392454311945976797e-01
2.392454311967922298e-01
2.392454311996476124e-01
2.392454312051359444e-01
2.392454311973139514e-01
2.392454311998679362e-01
2.392454311990674931e-01
2.392454311898192798e-01
2.392454312053168830e-01
2.392454311865236938e-01
2.392454313230174545e-01
2.392454289385037014e-01
2.392454718164698513e-01
2.392447025114724513e-01
2.392585069911725149e-01
2.390107956574937242e-01
2.434557951437807122e-01
1.636935159709791976e-01
4.891272137144151433e-01
4.891272139824894283e-01
1.636935160565048120e-01
2.434557952633112921e-01
2.390107957937797345e-01
2.392585071167258326e-01
2.392447026396713472e-01
2.392454719441421129e-01
2.392454290711516218e-01
2.392454314519273095e-01
2.392454313338077121e-01
2.392454313498256491e-01
2.392454313292386725e-01
2.392454313309125002e-01
2.392454313341468575e-01
2.392454313226622942e-01
2.392454313301636271e-01
2.392454313244541664e-01
2.392454313341214889e-01
2.392454313296807356e-01
2.392454313247992792e-01
2.392454313387791243e-01
2.392454313227919682e-01
2.392454314464915188e-01
2.392454290666946315e-01
2.392454719408504960e-01
2.392447026404416754e-01
2.392585071136485719e-01
2.390107957840887087e-01
2.434557952590428453e-01
1.636935160593719352e-01
4.891272139795788121e-01
4.891272090945206208e-01
1.636935144280056154e-01
2.434557928257082837e-01
2.390107934110994037e-01
2.392585047329518211e-01
2.392447002504909659e-01
2.392454695479536986e-01
2.392454266770738247e-01
2.392454290587398003e-01
2.392454289286055635e-01
2.392454289441572346e-01
2.392454289316615357e-01
2.392454289472423223e-01
2.392454289400653966e-01
2.392454289446163673e-01
2.392454289483417207e-01
2.392454289446692139e-01
2.392454289380878119e-01
2.392454289450014759e-01
2.392454289367356157e-01
2.392454289569635739e-01
2.392454289387619948e-01
2.392454290637220649e-01
2.392454266825794207e-01
2.392454695505213669e-01
2.392447002468680306e-01
2.392585047328020798e-01
2.390107934174167115e-01
2.434557928273594352e-01
1.636935144242531170e-01
4.891272090973730613e-01
4.891272967553980666e-01
1.636935437517774150e-01
2.434558364511336392e-01
2.390108362316489543e-01
2.392585476014513490e-01
2.392447431237351430e-01
2.392455124231005481e-01
2.392454695566506584e-01
2.392454719407697272e-01
2.392454718154948257e-01
2.392454718244092782e-01
2.392454718157574489e-01
2.392454718111719225e-01
2.392454718077605402e-01
2.392454718057065444e-01
2.392454718139964964e-01
2.392454718028114713e-01
2.392454718091776011e-01
2.392454718150316129e-01
2.392454718117096590e-01
2.392454718136111658e-01
2.392454718088182497e-01
2.392454719378294126e-01
2.392454695516983698e-01
2.392455124217598150e-01
2.392447431295774696e-01
2.392585476053963600e-01
2.390108362304642353e-01
2.434558364521350327e-01
1.636935437545758154e-01
4.891272967512883540e-01
4.891257239435822801e-01
1.636930174024048557e-01
2.434550536363760953e-01
2.390100676968416604e-01
2.392577782702021427e-01
2.392439738337643340e-01
2.392447431189201612e-01
2.392447002511202958e-01
2.392447026418268174e-01
2.392447025043754061e-01
2.392447025073253797e-01
2.392447025052886200e-01
2.392447025277612827e-01
2.392447025167437902e-01
2.392447025196315080e-01
2.392447025062933719e-01
2.392447025251024928e-01
2.392447025180845510e-01
2.392447025250577786e-01
2.392447025074132261e-01
2.392447025130729210e-01
2.392447025062546251e-01
2.392447026423433765e-01
2.392447002540204759e-01
2.392447431180317052e-01
2.392439738267400362e-01
2.392577782640479545e-01
2.390100676941436797e-01
2.434550536344059768e-01
1.636930174023194240e-01
4.891257239493727593e-01
4.891539466292563754e-01
1.637024625244106746e-01
2.434691010351573703e-01
2.390238586224690820e-01
2.392715834988177470e-01
2.392577782646090889e-01
2.392585476035753445e-01
2.392585047276778731e-01
2.392585071280258768e-01
2.392585069939418274e-01
2.392585069950020349e-01
2.392585069950902976e-01
2.392585070033595440e-01
2.392585069863686908e-01
2.392585070036641615e-01
2.392585069919263008e-01
2.392585069972809897e-01
2.392585069820063470e-01
2.392585070031935102e-01
2.392585069947581744e-01
2.392585069947656684e-01
2.392585069955392163e-01
2.392585071282417875e-01
2.392585047267138665e-01
2.392585476066674266e-01
2.392577782709348067e-01
2.392715835037776961e-01
2.390238586258826847e-01
2.434691010367247554e-01
1.637024625223241492e-01
4.891539466234102740e-01
4.886475112372501983e-01
1.635329765913520195e-01
2.432170303674277834e-01
2.387763902489347945e-01
2.390238586340722726e-01
2.390100676913958500e-01
2.390108362321543833e-01
2.390107934030603620e-01
2.390107957909768377e-01
2.390107956568987835e-01
2.390107956555720670e-01
2.390107956650082965e-01
2.390107956635742215e-01
2.390107956646842502e-01
2.390107956675636691e-01
2.390107956624797636e-01
2.390107956728649286e-01
2.390107956704535519e-01
2.390107956663544142e-01
2.390107956642498477e-01
2.390107956522900534e-01
2.390107956547786183e-01
2.390107957924783311e-01
2.390107934036878878e-01
2.390108362283590582e-01
2.390100676877759123e-01
2.390238586331426274e-01
2.387763902474342725e-01
2.432170303662746225e-01
1.635329765931343438e-01
4.886475112405843646e-01
4.977351255521027529e-01
1.665742785166634543e-01
2.477402552080122944e-01
2.432170303604599959e-01
2.434691010373410403e-01
2.434550536261577136e-01
2.434558364593196744e-01
2.434557928379136593e-01
2.434557952704329009e-01
2.434557951236452911e-01
2.434557951305352796e-01
2.434557951292015410e-01
2.434557951459192238e-01
2.434557951347651183e-01
2.434557951416594646e-01
2.434557951267785347e-01
2.434557951384883623e-01
2.434557951297005307e-01
2.434557951422789412e-01
2.434557951302432355e-01
2.434557951345258098e-01
2.434557951243224438e-01
2.434557952666803193e-01
2.434557928364995960e-01
2.434558364621216553e-01
2.434550536266227028e-01
2.434691010344405826e-01
2.432170303597195882e-01
2.477402552092536347e-01
1.665742785167909079e-01
4.977351255521092477e-01
3.346645031937507397e-01
1.120003296994850767e-01
1.665742785120694347e-01
1.635329765893823450e-01
1.637024625315999515e-01
1.636930174019158579e-01
1.636935437557538453e-01
1.636935144299493938e-01
1.636935160571432457e-01
1.636935159747497925e-01
1.636935159841852172e-01
1.636935159786735428e-01
1.636935159746593371e-01
1.636935159741263190e-01
1.636935159780153193e-01
1.636935159871895085e-01
1.636935159793359573e-01
1.636935159771749082e-01
1.636935159773379167e-01
1.636935159779220328e-01
1.636935159815223195e-01
1.636935159752411495e-01
1.636935160609709061e-01
1.636935144316212232e-01
1.636935437545151972e-01
1.636930174029971596e-01
1.637024625352472562e-01
1.635329765908553057e-01
1.665742785109255719e-01
1.120003296981898072e-01
3.346645031921587909e-01
9.999999999999744649e-01
3.346645031930225445e-01
4.977351255523234652e-01
4.886475112401676979e-01
4.891539466200993669e-01
4.891257239543789215e-01
4.891272967456442022e-01
4.891272090958445062e-01
4.891272139801891017e-01
4.891272137081714155e-01
4.891272137291065580e-01
4.891272137224957905e-01
4.891272137271722165e-01
4.891272137112078755e-01
4.891272137372587592e-01
4.891272137061479786e-01
4.891272137373585682e-01
4.891272137112220308e-01
4.891272137270987752e-01
4.891272137225280425e-01
4.891272137291790556e-01
4.891272137080577842e-01
4.891272139799385243e-01
4.891272090957431429e-01
4.891272967456629650e-01
4.891257239542334267e-01
4.891539466198305264e-01
4.886475112400642806e-01
4.977351255524197771e-01
3.346645031931489433e-01
1.000000000000148770e+00
